':0.20221863687038422 .:0.09834711998701096 ":0.09287532418966293 I:0.08626653254032135 ,:0.0477416031062603 ..:0.040595974773168564 II:0.03202103078365326 !:0.028257222846150398 ...:0.014055575244128704 ::0.013675497844815254 :0.34394548181444407
":0.10249802470207214 ':0.09150735288858414 .:0.07759212702512741 ,:0.06354513764381409 a:0.02606596238911152 -:0.023822220042347908 I:0.022296911105513573 l:0.018454914912581444 e:0.015516574494540691 1:0.015360626392066479 :0.5433401484042406
przekonań:0.27906057238578796 poglądów:0.13950186967849731 decyzji:0.0398687869310379 koncepcji:0.03503952547907829 wniosków:0.026216499507427216 kwestii:0.02443709410727024 założeń:0.021388471126556396 zasad:0.015849921852350235 pojęć:0.01484109740704298 interpretacji:0.014736715704202652 :0.3890594458207488
do:0.9989919066429138 to:0.00011630745575530455 do:9.848366607911885e-05 da:8.394114411203191e-05 du:8.259767491836101e-05 de:7.975944026838988e-05 więc:7.736001134617254e-05 db:3.5373130231164396e-05 ilo:3.2156778615899384e-05 Do:2.331461655558087e-05 :0.00037879943920415826
-:0.15487225353717804 ::0.13440530002117157 .:0.08109646290540695 e:0.049444567412137985 l:0.04933999851346016 o:0.04160919040441513 ':0.03654878959059715 <:0.03248380124568939 J:0.026152096688747406 y:0.024395573884248734 :0.3696519657969475
.:0.2320353239774704 -:0.07162731140851974 no:0.05896472558379173 ny:0.014677200466394424 -:0.013048085384070873 ną:0.012568652629852295 gą:0.011997531168162823 gę:0.011190428398549557 ża:0.010507042519748211 k:0.01007076632231474 :0.5533129321411252
':0.3172341585159302 ":0.08896929025650024 ,:0.08232772350311279 1:0.055913303047418594 .:0.04506126046180725 I:0.03964419662952423 !:0.03607793524861336 t:0.026888452470302582 i:0.020842943340539932 l:0.01905435509979725 :0.2679863814264536
jedno:0.7932557463645935 dwa:0.11541225016117096 drugie:0.020569326356053352 jednego:0.015748022124171257 trzy:0.013554764911532402 jeden:0.012831264175474644 cztery:0.006415249779820442 dwu:0.0034555108286440372 jedne:0.00232839398086071 drugiego:0.002278205705806613 :0.014151265611872077
tylko:0.08227396756410599 zarazem:0.0641806423664093 ąca:0.04857197403907776 ':0.03839150443673134 ,:0.033231258392333984 cały:0.028400734066963196 ten:0.024303141981363297 .:0.0241378266364336 jąca:0.02107536420226097 sama:0.018993830308318138 :0.6164397560060024
Samorządu:0.9690218567848206 Komitetu:0.023157361894845963 Związku:0.001394718769006431 Klubu:0.0011714942520484328 Ruchu:0.0007253959774971008 Rządu:0.0005325260572135448 Frontu:0.0004746572521980852 Układu:0.00031913237762637436 Domu:0.00027100768056698143 Przemysłu:0.00026525973225943744 :0.002666589221917093
,:0.1392795294523239 ':0.10007952153682709 .:0.09335102885961533 ..:0.08123289793729782 ":0.05141914263367653 _:0.04406164214015007 ::0.03420327231287956 ...:0.027405761182308197 -:0.027381572872400284 l:0.014586132951080799 :0.3869994981214404
po:0.5616163015365601 PO:0.09563847631216049 Po:0.04371776431798935 spo:0.03852923959493637 o:0.023498406633734703 p:0.018120640888810158 pó:0.01579645276069641 uspo:0.014553345739841461 po:0.010277771390974522 pu:0.008406652137637138 :0.16984494868665934
,:0.4779956638813019 ;:0.2523375451564789 i:0.14428295195102692 a:0.02551794797182083 /:0.020555034279823303 ::0.017810337245464325 (:0.016281208023428917 .:0.01132128480821848 Obecnie:0.008512941189110279 obecnie:0.003324156627058983 :0.022060928866267204
ów:0.10476261377334595 ałów:0.07807274162769318 ach:0.06223546341061592 j:0.05767746642231941 i:0.05700419470667839 J:0.03486933559179306 al:0.03370257094502449 ków:0.025193095207214355 w:0.023577198386192322 l:0.023301271721720695 :0.49960404820740223
':0.20635268092155457 ":0.0706692487001419 ,:0.05968453362584114 .:0.04276882857084274 ł:0.04230096563696861 ):0.03668122738599777 !:0.03656056523323059 I:0.03589292988181114 ::0.028601061552762985 l:0.027940783649683 :0.41254717484116554
dex:0.1731594204902649 tent:0.05458923429250717 order:0.05449025332927704 10:0.033872153609991074 depen:0.028391100466251373 to:0.026130076497793198 line:0.023261038586497307 ded:0.022454969584941864 history:0.019526991993188858 done:0.013546489179134369 :0.5505782719701529
l:0.18811838328838348 (:0.09724584966897964 l:0.03898347541689873 ,:0.03114911913871765 kl:0.02800549380481243 ll:0.027139533311128616 któ:0.02148505300283432 al:0.01817934587597847 t:0.016791323199868202 .:0.015848416835069656 :0.5170540064573288
samym:0.7822258472442627 ":0.12782254815101624 samej:0.019829241558909416 sam:0.009402254596352577 .:0.006915882229804993 samych:0.005978887435048819 ':0.004846854135394096 ,:0.0043819802813231945 samemu:0.0037954754661768675 osobiście:0.0034384552855044603 :0.031362573616206646
Maja:0.25067415833473206 ,:0.07360626757144928 ":0.07011044770479202 .:0.06029316037893295 ':0.05121646821498871 ..:0.03324969857931137 ::0.026027323678135872 ...:0.020675767213106155 Jana:0.016738973557949066 I:0.014806633815169334 :0.3826011009514332
.:0.12769244611263275 ,:0.07206481695175171 f:0.03744432330131531 !:0.03358844295144081 b:0.032076526433229446 6:0.021618537604808807 ':0.02141900546848774 c:0.020811093971133232 I:0.018942952156066895 ft:0.01632738672196865 :0.5980144683271646
spożywczych:0.13827534019947052 przemysłowych:0.04749232530593872 rolniczych:0.04474226385354996 budowlanych:0.023047449067234993 wiejskich:0.013854851014912128 kościelnych:0.013796954415738583 bielizny:0.012805896811187267 miejskich:0.012313209474086761 krótkich:0.012216839008033276 tytoniowych:0.012180100195109844 :0.669274770654738
.:0.12470501661300659 do:0.11714359372854233 ,:0.05828269571065903 I:0.053874000906944275 z:0.03231372311711311 od:0.029500536620616913 ':0.028970779851078987 ::0.016064468771219254 na:0.015574345365166664 1:0.015556100755929947 :0.5080147385597229
.:0.04704393818974495 ,:0.029405223205685616 ':0.028321396559476852 l:0.027453100308775902 ":0.02433989942073822 ):0.023624269291758537 C:0.022652320563793182 c:0.017491808161139488 J:0.016641590744256973 -:0.013762091286480427 :0.7492643622681499
!:0.3041371703147888 ':0.08411262184381485 I:0.07724491506814957 1:0.04957564175128937 .:0.04254724830389023 ,:0.04194313660264015 l:0.03849799558520317 i:0.03345032036304474 ::0.03330205753445625 J:0.027110734954476357 :0.2680781576782465
Dlaczego:0.6123353838920593 Co:0.0589534267783165 Jak:0.05300086364150047 Naprawdę:0.04281915724277496 Tak:0.038992006331682205 Ja:0.013989492319524288 Czemu:0.009646856226027012 Doprawdy:0.009101790376007557 Słucham:0.008569803088903427 Pan:0.007236359175294638 :0.1453548609279096
,:0.5742815732955933 i:0.41016149520874023 lub:0.009730921126902103 albo:0.00160664739087224 .:0.0008574410458095372 ;:0.000642860890366137 1:0.00037829094799235463 i:0.00034268555464223027 oraz:0.0003090572718065232 I:0.00021197987371124327 :0.0014770473935641348
ie:0.0651150494813919 sie:0.05039624869823456 kładzie:0.03318651393055916 .:0.03218387812376022 dzie:0.02446737512946129 si:0.019529875367879868 ,:0.018625037744641304 ku:0.017519628629088402 i:0.015676824375987053 ':0.015303028747439384 :0.7079965397715569
":0.9967235922813416 ':0.0010222072014585137 ”:0.00034425954800099134 *:0.000327907910104841 świata:0.00021963988547213376 człowieka:0.00012433015217538923 ludzkości:7.487758557545021e-05 .:7.170200842665508e-05 -:6.870878132758662e-05 “:5.217720536165871e-05 :0.0009705974407552276
.:0.661837637424469 g:0.09271585196256638 ,:0.029295168817043304 ::0.020699109882116318 ;:0.010875402949750423 e:0.00930708646774292 in:0.008196557871997356 d:0.007800055667757988 s:0.00744028203189373 s:0.006983202416449785 :0.1448496445082128
y:0.18212440609931946 ':0.07043129950761795 .:0.03458927944302559 d:0.028990691527724266 l:0.028615718707442284 e:0.028206566348671913 ":0.027644651010632515 ,:0.026242386549711227 .:0.02102626860141754 P:0.019108282402157784 :0.5330204498022795
':0.29600760340690613 d:0.08606888353824615 ~:0.051501624286174774 l:0.04592578113079071 !:0.0402069017291069 .:0.024359963834285736 q:0.023639168590307236 ::0.015367738902568817 ,:0.015163487754762173 ":0.013916684314608574 :0.3878421625122428
,:0.7592741847038269 i:0.04295501485466957 .:0.01071748323738575 !:0.007102379109710455 kwiaty:0.006571928970515728 ':0.006202472373843193 ja:0.005259794648736715 piękne:0.004036237485706806 ::0.0031817543786019087 ":0.00252818432636559 :0.15217056591063738
l:0.36021897196769714 w:0.2450312227010727 r:0.10258880257606506 ł:0.06501504778862 n:0.04914131388068199 m:0.031568385660648346 f:0.023706596344709396 I:0.018466221168637276 t:0.011133259162306786 z:0.008716048672795296 :0.08441413007676601
ni:0.2665524184703827 n:0.1326214075088501 na:0.042980872094631195 no:0.030804259702563286 m:0.020889433100819588 l:0.011897366493940353 D:0.010775069706141949 I:0.01029137335717678 li:0.007963220588862896 -:0.0071950312703847885 :0.4580295477062464
bo:0.7756778001785278 czy:0.04024261236190796 ale:0.034893136471509933 to:0.02678430639207363 któremu:0.018264755606651306 a:0.013668362982571125 gdyż:0.011410601437091827 ponieważ:0.007674689404666424 którym:0.004917326383292675 który:0.0038548754528164864 :0.0626115333288908
::0.9767255187034607 jej:0.010977526195347309 .:0.002830387558788061 ;:0.002492765663191676 ,:0.0013252178905531764 mu:0.0010871803387999535 Jej:0.0005931700579822063 -:0.0005906710284762084 im:0.0004645661392714828 ':0.00023561280977446586 :0.002677383614354767
n:0.14473822712898254 B:0.11575260013341904 o:0.09285206347703934 c:0.07890795916318893 H:0.07844824343919754 e:0.025068778544664383 y:0.02475144900381565 b:0.02425350807607174 a:0.02300846390426159 C:0.02227741852402687 :0.3699412886053324
.:0.10102759301662445 nastu:0.05989786610007286 tysięcy:0.05620839446783066 niemieckich:0.04895990714430809 ':0.03587815538048744 ,:0.03586738184094429 grup:0.033624500036239624 set:0.02788390778005123 armii:0.02439543604850769 dywizji:0.021219169721007347 :0.5550376884639263
otwartym:0.29755690693855286 zamkniętym:0.12651100754737854 gospodarczym:0.12381206452846527 technicznym:0.047594983130693436 domowym:0.03741574287414551 ciągłym:0.03350581228733063 kamiennym:0.027755236253142357 pierwotnym:0.022858045995235443 aktywnym:0.015429827384650707 handlowym:0.014469003304839134 :0.2530913697555661
należącego:0.9738759398460388 należących:0.0035365959629416466 należącym:0.0026730860117822886 należący:0.0020778225734829903 należąca:0.001639433205127716 o:0.0014847220154479146 a:0.0009198527550324798 ego:0.0008512432686984539 ko:0.0006192199653014541 należące:0.0005739517509937286 :0.01174813264515251
30:0.08760026842355728 100:0.08449273556470871 20:0.08409104496240616 10:0.06278673559427261 25:0.05195359140634537 50:0.05017437785863876 15:0.049549032002687454 1:0.043033674359321594 300:0.03641751781105995 200:0.025824278593063354 :0.42407674342393875
,:0.6377672553062439 .:0.05929291620850563 y:0.05471808463335037 ::0.018639827147126198 ':0.01809851825237274 a:0.01330485474318266 i:0.013304740190505981 ;:0.010840356349945068 l:0.010023808106780052 -:0.008874954655766487 :0.1551346844062209
':0.3550013303756714 ::0.09860473871231079 !:0.09717068076133728 ,:0.08764611184597015 ):0.05466054752469063 ;:0.04869883134961128 }:0.037780195474624634 ]:0.019818007946014404 (:0.015192008577287197 <:0.013710837811231613 :0.17171670962125063
':0.1706676483154297 ,:0.08758991211652756 ::0.08404839038848877 J:0.07269537448883057 ):0.05666328966617584 j:0.05346263572573662 !:0.049160342663526535 ":0.034408919513225555 ;:0.02903991937637329 (:0.02028709650039673 :0.34197647124528885
::0.18215467035770416 !:0.17374558746814728 /:0.13867299258708954 ;:0.11348671466112137 ,:0.058886077255010605 <:0.05060148611664772 {:0.04372791573405266 ':0.03621502220630646 (:0.033708661794662476 }:0.020009009167551994 :0.14879186265170574
Jean:0.13747264444828033 de:0.11496296525001526 San:0.10601141303777695 Saint:0.0980028361082077 Le:0.035382747650146484 St:0.028348663821816444 Louis:0.022857021540403366 du:0.012742939405143261 Ludwika:0.012714497745037079 Pierre:0.011453949846327305 :0.4200503211468458
i:0.9062233567237854 lub:0.050831880420446396 ,:0.021551094949245453 czy:0.00833592563867569 albo:0.0024943824391812086 oraz:0.0024101659655570984 1:0.0006549819954670966 bez:0.0004751495725940913 bądź:0.0004434645816218108 I:0.00037429173244163394 :0.0062053059809841216
13:0.9910072684288025 14:0.001983337802812457 12:0.0010987966088578105 13:0.0007267576875165105 133:0.000511860940605402 15:0.0004375970165710896 13.:0.00037333081127144396 13,:0.00028122070943936706 3:0.0002641355386003852 ':0.00026099852402694523 :0.0030546959314960986
,:0.25411495566368103 ':0.143270343542099 ::0.06748058646917343 ;:0.04786112532019615 ):0.039221834391355515 !:0.03786635771393776 ":0.032573338598012924 I:0.024805432185530663 ?:0.020026173442602158 }:0.015760421752929688 :0.3170194309204817
inwestycji:0.14254708588123322 projektów:0.13431808352470398 obiektów:0.11051391810178757 zbiorników:0.05967393144965172 kopalni:0.0408930778503418 otworów:0.027575358748435974 zakładów:0.022921856492757797 kopalń:0.018607936799526215 osiedli:0.017862936481833458 stacji:0.01762568950653076 :0.4074601251631975
':0.1398351490497589 ":0.09857837110757828 _:0.0823167935013771 “:0.06257805228233337 ~:0.03715219348669052 ):0.026190511882305145 „:0.023517383262515068 (:0.018176913261413574 1:0.017044441774487495 I:0.016446033492684364 :0.47816415689885616
I:0.49587059020996094 !:0.08535908907651901 ':0.06227809935808182 ,:0.04962615668773651 i:0.043214499950408936 .:0.02824988029897213 ..:0.026400098577141762 ":0.02112666703760624 .:0.019159574061632156 ::0.015575465746223927 :0.15313987899571657
.:0.13857261836528778 ':0.10043380409479141 ":0.07836165279150009 ,:0.05025223270058632 I:0.02587101422250271 -:0.025506747886538506 I:0.018173078075051308 ..:0.015131586231291294 ::0.013156771659851074 1:0.012083802372217178 :0.5224566916003823
pracuje:0.373974472284317 jest:0.12315773963928223 będzie:0.06717973202466965 stworzy:0.02705388143658638 nie:0.026770075783133507 stanowi:0.026423398405313492 nietylko:0.02330627292394638 działa:0.023115243762731552 ma:0.020116589963436127 tworzy:0.012829205021262169 :0.2760733887553215
':0.14492109417915344 ):0.13340117037296295 l:0.07887139916419983 I:0.07564537227153778 ":0.060711570084095 .:0.04027457907795906 J:0.03667059540748596 ,:0.03233429417014122 ł:0.031971611082553864 1:0.025624580681324005 :0.3395737335085869
R:0.9553572535514832 r:0.03591578081250191 R:0.003021660028025508 T:0.0010744099272415042 TR:0.0006738699157722294 KR:0.000575172423850745 PR:0.0003468818322289735 RR:0.0002985629253089428 H:0.00022966967662796378 P:0.00021427421597763896 :0.002292464690981433
-:0.15876974165439606 ':0.05867929756641388 ,:0.037263985723257065 !:0.03720103204250336 .:0.030613459646701813 ::0.02866186760365963 do:0.02664308249950409 I:0.025364108383655548 1:0.019162967801094055 ":0.016658160835504532 :0.56098229624331
aby:0.18478314578533173 od:0.1144799068570137 w:0.07768914103507996 by:0.05193724110722542 ,:0.05092908442020416 na:0.03414420410990715 ażeby:0.02888350747525692 ::0.020814228802919388 .:0.017506256699562073 za:0.014031810685992241 :0.40480147302150726
a:0.20450477302074432 o:0.16326619684696198 y:0.12577970325946808 .:0.08003077656030655 e:0.06832416355609894 k:0.02692475914955139 ie:0.018132422119379044 u:0.014225841499865055 owa:0.010100926272571087 t:0.009912918321788311 :0.27879751939326525
c:0.2578282654285431 m:0.13848622143268585 r:0.06946346163749695 c:0.05909578874707222 g:0.05009983107447624 l:0.03726805001497269 i:0.03228290379047394 s:0.027884462848305702 z:0.02726729027926922 e:0.02658684179186821 :0.2737368829548359
nim:0.39004480838775635 Nim:0.12366969883441925 życiu:0.09450163692235947 Bogu:0.05754269286990166 krzyżu:0.05464554205536842 grzechu:0.04688617214560509 tym:0.030304277315735817 śmierci:0.029357073828577995 człowieku:0.023585045710206032 nich:0.008645372465252876 :0.14081767946481705
n:0.40683862566947937 m:0.2500591576099396 w:0.09407197684049606 l:0.07052434980869293 nom:0.03442872315645218 p:0.019066767767071724 lom:0.010494011454284191 s:0.008617406710982323 m:0.004569552838802338 b:0.003630900289863348 :0.09769852785393596
Jezus:0.1707392930984497 Bóg:0.11098472774028778 Kościół:0.06516023725271225 Pan:0.0587359219789505 Syn:0.05172134190797806 niebieski:0.051580123603343964 Król:0.05140015110373497 święty:0.029496757313609123 Anioł:0.025401325896382332 syn:0.02390730194747448 :0.36087281815707684
j:0.8567898869514465 y:0.05982073396444321 h:0.05164665728807449 k:0.013584461063146591 j:0.005331056658178568 i:0.004453066736459732 J:0.0017989716725423932 Y:0.0006993204588070512 ):0.0005447725998237729 ej:0.0005283803911879659 :0.004802692215889692
':0.2361125946044922 ::0.11684898287057877 ;:0.09993870556354523 !:0.06579936295747757 ,:0.05528347194194794 ":0.04684903845191002 ]:0.026103582233190536 ):0.0232843030244112 i:0.022415563464164734 .:0.01969943195581436 :0.28766496293246746
313:0.5087786912918091 312:0.21759934723377228 314:0.0978902131319046 311:0.08958955854177475 316:0.02329348400235176 315:0.009059370495378971 327:0.006660737097263336 319:0.004254346713423729 317:0.004144265782088041 310:0.004121881909668446 :0.034608103800565004
mówią:0.08786331117153168 ,:0.05228954926133156 to:0.043470609933137894 bywa:0.037965092808008194 jest:0.03322892263531685 dlatego:0.03246214985847473 uważają:0.029108926653862 wiadomo:0.024766327813267708 znaczy:0.02370598539710045 nie:0.023300206288695335 :0.6118389181792736
\:0.9999808073043823 ':1.0391536306997295e-05 ":1.366415176562441e-06 .:8.840524401421135e-07 ,:7.189050279521325e-07 !:6.820440034971398e-07 1:6.515082304758835e-07 V:4.999824341211934e-07 ::4.244165836553293e-07 ):3.419085601308325e-07 :3.2319268541414203e-06
':0.05512450262904167 i:0.04962707683444023 j:0.03965133801102638 t:0.039529986679553986 l:0.031051745638251305 ,:0.02940301224589348 n:0.024407312273979187 .:0.024247368797659874 o:0.022161712870001793 r:0.020341482013463974 :0.6644544620066881
wyższe:0.6119938492774963 obie:0.14573007822036743 dwie:0.050678353756666183 wszystkie:0.03225431591272354 obydwie:0.014403825625777245 trzy:0.013721439056098461 niższe:0.0123369749635458 inne:0.009179285727441311 nowe:0.00798437837511301 niektóre:0.007437087129801512 :0.09428041195496917
':0.2170765995979309 ,:0.21690131723880768 ":0.081632599234581 .:0.0727393627166748 ::0.046349190175533295 I:0.04508833587169647 1:0.03734348341822624 ..:0.035452701151371 -:0.029829038307070732 ;:0.02248026430606842 :0.19510710798203945
od:0.988318681716919 z:0.005888365209102631 Od:0.0019038126338273287 ,:0.001325900317169726 (:0.0003230484726373106 .:0.00021549344819504768 OD:0.00015267851995304227 okres:0.00013590727758128196 lata:0.00011788443225668743 od:0.00011217844439670444 :0.001506049527961295
licząc:0.8851296901702881 li:0.021352294832468033 mających:0.008887303993105888 posiadających:0.008018373511731625 ,:0.005353117361664772 liczą:0.0045734005980193615 liczy:0.004032145254313946 czących:0.004028302151709795 liczące:0.0034887026995420456 należących:0.003036218462511897 :0.05210045096464455
;:0.9272365570068359 ::0.029363326728343964 .:0.009794110432267189 ]:0.003437180770561099 ,:0.003299212083220482 j:0.0022546094842255116 ):0.0015492824604734778 ':0.0015487741911783814 }:0.0010983103420585394 -:0.0009049398358911276 :0.01951369666494429
.:0.045918647199869156 ,:0.03729021176695824 ':0.024033918976783752 ":0.022645587101578712 który:0.017365621402859688 -:0.016844023019075394 I:0.01425050850957632 ny:0.014103906229138374 i:0.01294170692563057 ::0.012273159809410572 :0.7823327090591192
3:0.3015068471431732 2:0.17915280163288116 4:0.1505444496870041 5:0.09087131172418594 b:0.06714759021997452 6:0.056702159345149994 d:0.04383091256022453 c:0.025560589507222176 7:0.011925804428756237 8:0.009081892669200897 :0.06367564108222723
':0.05753498524427414 p:0.05374384671449661 .:0.051831360906362534 ":0.047780897468328476 s:0.03904888033866882 P:0.03579402342438698 I:0.03578375279903412 ,:0.034557536244392395 sp:0.034199222922325134 S:0.027840519323945045 :0.5818849746137857
(:0.10501990467309952 l:0.08366004377603531 ':0.0503520630300045 l:0.04119177907705307 ,:0.0387544147670269 .:0.03776082769036293 {:0.028704384341835976 I:0.022025611251592636 ::0.02171177975833416 t:0.021081624552607536 :0.5497375670820475
badaniom:0.5309092998504639 nauce:0.12534388899803162 rozwojowi:0.043818987905979156 sprawie:0.03196032717823982 zastosowaniu:0.021095598116517067 badaniu:0.021009406074881554 znaczeniu:0.020700952038168907 odkrycia:0.013258391991257668 odkryć:0.011891014873981476 rozwiązaniu:0.00806498434394598 :0.1719471486285329
,:0.990398645401001 .:0.009150269441306591 ;:0.00011795578029705212 tylko:7.123626710381359e-05 ":6.584471702808514e-05 ::2.4758639483479783e-05 ':1.4616349290008657e-05 .:1.1175055988132954e-05 ...:9.421863069292158e-06 i:9.16571298148483e-06 :0.00012691077245108318
l:0.18540574610233307 el:0.05554613098502159 kol:0.03877297416329384 -:0.03874233365058899 k:0.03416544944047928 I:0.03379292041063309 i:0.02470516227185726 ):0.022164158523082733 (:0.02209565043449402 ':0.021352456882596016 :0.5232570171356201
cznym:0.13396689295768738 ,:0.1112951785326004 nym:0.03265862166881561 jak:0.02696291171014309 .:0.023081744089722633 wym:0.018735606223344803 owym:0.018390318378806114 i:0.017172127962112427 zny:0.016842124983668327 cy:0.015590478666126728 :0.5853039948269725
powinien:0.7785152792930603 ma:0.09708160161972046 musi:0.04923451319336891 winien:0.04209147393703461 powinno:0.015082157216966152 może:0.004641869105398655 winno:0.0022864937782287598 powinna:0.001656661625020206 będzie:0.0011831579031422734 miałby:0.0009054974070750177 :0.007321294920984656
,:0.9587312340736389 .:0.03294725716114044 owice:0.001900366274639964 ;:0.00043621929944492877 Warszawa:0.0004284222377464175 owiec:0.00038894172757864 ow:0.0003703826223500073 owo:0.0003511638205964118 ::0.00034781123395077884 owa:0.00031789246713742614 :0.0037803090817760676
v:0.7932147979736328 V:0.1267768144607544 ':0.011906995438039303 y:0.011866424232721329 Y:0.008443090133368969 ":0.0066306861117482185 ,:0.004576327279210091 t:0.003158372128382325 .:0.0029319573659449816 1:0.0023367800749838352 :0.02815775480121374
.:0.5529916286468506 ,:0.4140215218067169 ;:0.012364844791591167 ):0.0040674651972949505 ::0.0032699645962566137 —:0.0024368262384086847 -:0.0013895242009311914 /:0.0009554168209433556 *:0.0008964395383372903 ^:0.0004853786085732281 :0.007120989554096013
grupa:0.7069641947746277 Grupa:0.28582194447517395 grupy:0.0018273856258019805 szkoła:0.001710556447505951 klasa:0.0010003158822655678 grup:0.0004768384387716651 kategoria:0.0003223058010917157 młodzież:0.00017334941367153078 Klasa:0.0001702366425888613 Szkoła:0.00012288351717870682 :0.0014099889813223854
,:0.08746540546417236 si:0.057823892682790756 ludności:0.03769863024353981 się:0.02603018283843994 umysłów:0.024079080671072006 sił:0.01988629251718521 p:0.018968578428030014 r:0.01886889338493347 i:0.017434604465961456 krwi:0.01570732146501541 :0.6760371178388596
mu:0.05079137161374092 tych:0.045562539249658585 z:0.03642553091049194 .:0.034690193831920624 ,:0.03427368402481079 ':0.03181111440062523 w:0.026302989572286606 na:0.024702491238713264 za:0.024123335257172585 bez:0.018928393721580505 :0.672388356178999
a:0.07786235213279724 ał:0.025526661425828934 e:0.023648301139473915 l:0.021225567907094955 o:0.018687695264816284 z:0.014241654425859451 y:0.012325313873589039 ało:0.011666066944599152 er:0.011474274098873138 się:0.010621285066008568 :0.7727208277210593
,:0.1373310536146164 ':0.09081799536943436 .:0.04111441969871521 ::0.03332539647817612 i:0.025435399264097214 ć:0.023942019790410995 ":0.02392437681555748 a:0.01784302294254303 ;:0.015758806839585304 (:0.013508716598153114 :0.5769987925887108
dni:0.9627594947814941 lat:0.02052476815879345 miesięcy:0.012820941396057606 dnia:0.0012531847460195422 minut:0.000711701053660363 tygodni:0.0002943931322079152 dniach:0.00018345910939387977 Dni:0.0001782709005055949 godzin:0.00013278351980261505 dniu:0.0001109299628296867 :0.0010300732392352074
.:0.10722087323665619 ':0.07146817445755005 ma:0.06261096149682999 ,:0.061802852898836136 ::0.04108642041683197 ":0.03353337571024895 będzie:0.0223513413220644 ..:0.018083035945892334 I:0.016551915556192398 w:0.016536548733711243 :0.5487545002251863
~:0.5125370025634766 e:0.18974706530570984 ::0.09882005304098129 .:0.016708597540855408 ;:0.016607701778411865 E:0.015673762187361717 -:0.011335604824125767 ':0.008275402709841728 r:0.006347925402224064 c:0.005982337519526482 :0.11796454712748528
w:0.5292425155639648 na:0.2752068042755127 przez:0.012475171126425266 ,:0.011401381343603134 po:0.010884909890592098 z:0.009744290262460709 W:0.007121668662875891 .:0.004405230283737183 o:0.003752075368538499 i:0.0034581006038933992 :0.13230785261839628
e:0.08330492675304413 a:0.07403219491243362 is:0.0357266403734684 us:0.03243657201528549 o:0.030604463070631027 i:0.025844715535640717 ,:0.022414354607462883 .:0.02185598947107792 um:0.018155330792069435 u:0.017890043556690216 :0.6377347689121962
::0.17183902859687805 ':0.15870776772499084 ;:0.11101185530424118 ):0.06937172263860703 ,:0.041550636291503906 !:0.036561109125614166 ":0.03584260120987892 l:0.02160591073334217 .:0.01931885816156864 1:0.01852143183350563 :0.31566907837986946
jeszcze:0.09373229742050171 pana:0.07492178678512573 dra:0.05360294505953789 Karola:0.05084214359521866 ':0.044513389468193054 Dra:0.03676344454288483 i:0.0317535437643528 nazwisko:0.0317046120762825 niejakiego:0.025326348841190338 redaktora:0.020298926159739494 :0.536540562286973
':0.0822107195854187 l:0.05728328973054886 l:0.05303333327174187 .:0.05049542337656021 ::0.04995708912611008 i:0.03582253307104111 ,:0.028194330632686615 !:0.02544848807156086 ):0.02437673881649971 ~:0.02435842715203762 :0.5688196271657944
w:0.24746441841125488 ::0.15778081119060516 .:0.08454456925392151 wynosi:0.05050024017691612 przypada:0.04336101934313774 ,:0.03152037039399147 jest:0.022023264318704605 bylo:0.020761318504810333 W:0.017762044444680214 należy:0.01756567507982254 :0.3067162688821554
młodego:0.47282761335372925 starszego:0.4455074667930603 starszych:0.011761906556785107 drugiego:0.008857100270688534 konkretnego:0.0070093972608447075 współczesnego:0.005462522618472576 młodych:0.005438850261271 każdego:0.004322855267673731 młodszego:0.0039051882922649384 kulturalnych:0.002986153122037649 :0.03192094620317221
ks:0.12109576910734177 w:0.09044156968593597 zw:0.07688503712415695 za:0.05448228865861893 k:0.0469408743083477 p:0.045947033911943436 s:0.018159039318561554 b:0.016269834712147713 .:0.014222560450434685 wy:0.013666803017258644 :0.5018891897052526
z:0.9929507970809937 ze:0.0026345422957092524 Z:0.0008827860583551228 7.:0.0004865728260483593 i:0.0003530459071043879 swoim:0.00030895223608240485 całym:0.00028917036252096295 s:0.0002693018177524209 ż:0.0002438363153487444 swym:0.0001636874076211825 :0.0014173076924635097
sorty:0.10869458317756653 inny:0.10583547502756119 sam:0.09794587641954422 i:0.054324883967638016 szeroki:0.053714971989393234 rzeczowy:0.02898053638637066 cały:0.027322938665747643 proponowany:0.023828327655792236 asorty:0.022149652242660522 niezbędny:0.02177356742322445 :0.4554291870445013
.:0.055350884795188904 l:0.04147214815020561 ':0.04099816828966141 ,:0.03155199810862541 ą:0.03074805811047554 i:0.020975232124328613 ::0.020296650007367134 ę:0.017491066828370094 ":0.016799751669168472 J:0.015128827653825283 :0.7091872142627835
produkcji:0.9954987168312073 reżyserii:0.0018159191822633147 serii:0.0006061269668862224 wytwórni:0.0003878017596434802 wersji:0.0003340663097333163 telewizji:0.0001751460222294554 adaptacji:0.00016645679716020823 marki:9.616899478714913e-05 literatury:9.228340786648914e-05 policji:8.027484727790579e-05 :0.0007470388809451833
Niemiec:0.08357441425323486 wojskiem:0.0810428187251091 okolicy:0.07655524462461472 frontu:0.039267297834157944 Warszawy:0.03892391175031662 Krakowa:0.02662084251642227 Poznania:0.024505890905857086 Berlina:0.02298581413924694 obozu:0.019442152231931686 okolic:0.018380165100097656 :0.5687014479190111
i:0.6860398054122925 ,:0.062059056013822556 I:0.03851122781634331 ':0.030258148908615112 czyli:0.020059166476130486 .:0.01618146151304245 l:0.01452961191534996 1:0.010261784307658672 guberni:0.008511367253959179 (:0.006928263232111931 :0.10666010715067387
2:0.1747908592224121 1:0.15903237462043762 3:0.10251209139823914 5:0.05529653653502464 10:0.05393256992101669 8:0.035498932003974915 4:0.03524740785360336 6:0.03217369690537453 7:0.030172809958457947 20:0.02463405765593052 :0.2967086639255285
':0.9034083485603333 ::0.024370282888412476 ":0.01953141763806343 ,:0.014767403714358807 !:0.009372751228511333 ;:0.003915185574442148 r:0.003585732076317072 >:0.002792493673041463 <:0.0025552907027304173 ):0.0018416816601529717 :0.01385941228363663
n:0.324541300535202 r:0.12359194457530975 l:0.09241710603237152 c:0.07673230022192001 t:0.04764607548713684 u:0.032932233065366745 d:0.028912702575325966 o:0.02736528031527996 e:0.025933770462870598 s:0.019282137975096703 :0.20064514875411987
,:0.9427816271781921 .:0.0221078060567379 N:0.0009776540100574493 ...:0.000886877125594765 ;:0.0006664636894129217 .:0.000560021260753274 ":0.0004741681623272598 ':0.00040665772394277155 odpada:0.00040635475306771696 !:0.0003957144799642265 :0.030336655559949577
(:0.9966463446617126 {:0.0025156568735837936 <:0.00023637601407244802 [:0.00019005124340765178 ,:0.0001080445945262909 ::1.8466262190486304e-05 i:1.5317538782255724e-05 ^:1.2061541383445729e-05 ':1.156177677330561e-05 *:1.0781521268654615e-05 :0.0002353379722990212
do:0.9951649904251099 da:0.0014611697988584638 de:0.0008235455607064068 db:0.0004252283542882651 du:0.0004217188688926399 d:0.0003357461537234485 do:0.000299564067972824 u:0.00018637625908013433 dio:0.00011709491809597239 o:8.63511668285355e-05 :0.0006782144264434464
y:0.33702489733695984 ':0.1242995634675026 ,:0.115591861307621 ::0.032787151634693146 Y:0.031901005655527115 v:0.026432620361447334 .:0.02478562667965889 ":0.022891391068696976 ;:0.019503949210047722 !:0.017999712377786636 :0.24678222090005875
reaguje:0.7705088257789612 występuje:0.05058879405260086 współdziała:0.03581980615854263 współpracuje:0.030002009123563766 jest:0.010622479021549225 powstaje:0.007991609163582325 związany:0.007626018486917019 zachodzi:0.0067209647968411446 schodzi:0.006066323723644018 pozostaje:0.0048391567543148994 :0.06921401293948293
uwagę:0.15251529216766357 siebie:0.1382383108139038 obrady:0.0640852153301239 skrzydła:0.05632839351892471 parcie:0.05088472366333008 nos:0.04537146911025047 żagle:0.04497096687555313 mury:0.043413326144218445 koniec:0.03798021003603935 serca:0.0315234437584877 :0.3346886485815048
%:0.6187968850135803 °:0.10355334728956223 cm:0.03919440507888794 ^:0.03574062138795853 m:0.024773553013801575 mm:0.017061397433280945 *:0.014054869301617146 metrów:0.010211492888629436 stóp:0.006607298273593187 części:0.006087851244956255 :0.12391827907413244
Z:0.9944610595703125 N:0.0028148700948804617 7.:0.0010313186794519424 Ż:0.0003626516554504633 D:0.00015942899335641414 z:0.00015312015602830797 L:0.00015098060248419642 R:9.152809798251837e-05 S:7.662555435672402e-05 z:7.381683099083602e-05 :0.0006245997647056356
cia:0.08254553377628326 sku:0.07426431030035019 tku:0.05737907439470291 śnienia:0.04725179076194763 ku:0.04099739342927933 u:0.03746629133820534 du:0.03607213497161865 gu:0.029388565570116043 czenia:0.02387647144496441 gnięcia:0.01917414367198944 :0.5515842903405428
::0.11782953888177872 ':0.09571538120508194 ;:0.053903453052043915 _:0.036773089319467545 ,:0.0342378094792366 ":0.023484375327825546 „:0.019455645233392715 ~:0.019143730401992798 -:0.017438381910324097 w:0.01485901977866888 :0.5671595754101872
i:0.42589277029037476 e:0.23842643201351166 a:0.0903245359659195 o:0.04147017374634743 s:0.04104640707373619 u:0.02218754217028618 ,:0.014346230775117874 y:0.008625862188637257 I:0.006055442616343498 is:0.0059428466483950615 :0.1056817565113306
i:0.49212580919265747 oraz:0.09380783885717392 I:0.05236690863966942 ,:0.04123273864388466 i:0.03632154315710068 1:0.02365499548614025 .:0.022054873406887054 ':0.018838733434677124 l:0.018003959208726883 ::0.012968964874744415 :0.18862363509833813
postanowieniem:0.25421586632728577 małżeństwem:0.12357618659734726 sercem:0.08514848351478577 prawem:0.058862630277872086 życiem:0.04912925139069557 pismem:0.043202292174100876 słowem:0.03738846629858017 postępowaniem:0.030866097658872604 wojskiem:0.025020360946655273 złotem:0.01522952038794756 :0.27736084442585707
^:0.14861761033535004 ?:0.14702293276786804 ':0.07294388115406036 >:0.03344465419650078 *:0.03266178071498871 !:0.02589832991361618 |:0.024604536592960358 -:0.02416929043829441 l:0.02169533632695675 ):0.020964648574590683 :0.4479769989848137
danych:0.2264719009399414 .:0.21209245920181274 .:0.18208099901676178 obliczeń:0.15127411484718323 g:0.00976683758199215 badań:0.008828316815197468 dań:0.0081786522641778 obliczenia:0.0077288211323320866 sprawozdań:0.007160551380366087 sprawozdania:0.005027556326240301 :0.18138979049399495
przejrzeć:0.9529585242271423 złożyć:0.014462018385529518 składać:0.007390422746539116 odebrać:0.00626758998259902 otrzymać:0.005749615374952555 widzieć:0.0027301909867674112 nabyć:0.002018668921664357 obejrzeć:0.0011528064496815205 odczytać:0.0010388689115643501 przej:0.0009712132159620523 :0.005260080797597766
.:0.25181788206100464 nowej:0.12294646352529526 ':0.08134546875953674 ,:0.050750259310007095 samej:0.026149116456508636 ze:0.024862967431545258 wielkiej:0.024577874690294266 i:0.018131129443645477 ważnej:0.017543520778417587 ":0.015887340530753136 :0.3659879770129919
':0.2454579770565033 ,:0.1561584770679474 .:0.12040989845991135 ":0.10149146616458893 ::0.07051629573106766 I:0.033275023102760315 -:0.026156727224588394 ..:0.023076185956597328 ;:0.022382743656635284 1:0.018388258293271065 :0.182686947286129
I:0.5150672793388367 J:0.07650113105773926 i:0.06211969628930092 l:0.029368380084633827 1:0.027200063690543175 j:0.025243567302823067 promieniowanie:0.0166491512209177 fala:0.013529742136597633 II:0.0127063924446702 n:0.012269456870853901 :0.20934513956308365
przed:0.3771652281284332 w:0.27377405762672424 po:0.12596650421619415 z:0.10555130988359451 W:0.009545651264488697 ':0.0046220277436077595 w:0.004149422515183687 przed:0.003914304543286562 ,:0.003720259992405772 I:0.0032908041030168533 :0.08830042998306453
,:0.2744600772857666 ly:0.09311728924512863 by:0.03422576189041138 from:0.03050207905471325 now:0.024860147386789322 as:0.023677870631217957 ned:0.017921894788742065 less:0.015883781015872955 such:0.01500767283141613 and:0.01479935459792614 :0.45554407127201557
.:0.9318046569824219 ,:0.051089439541101456 ...:0.006675770040601492 !:0.0015217617619782686 ..:0.0012577214511111379 ;:0.0011344008380547166 *:0.0010970868170261383 ':0.0006937045836821198 ":0.0005296505987644196 ::0.0004919285420328379 :0.0037038788432255387
oznaczone:0.42836523056030273 potrzebne:0.06690893322229385 przeznaczone:0.06681399047374725 gotowe:0.05121707171201706 ustanowione:0.049815718084573746 wyznaczone:0.041393231600522995 przewidziane:0.03417963907122612 rozłożone:0.03145093470811844 określone:0.029875164851546288 wymagane:0.025691082701086998 :0.17428900301456451
wiele:0.1981857419013977 skutki:0.18525639176368713 popełnienie:0.04746515676379204 szereg:0.03768244385719299 treść:0.035815633833408356 winę:0.030597450211644173 konsekwencje:0.021395264193415642 źródło:0.01907137967646122 grzechy:0.01880357228219509 wina:0.01093325950205326 :0.3947937060147524
u:0.21864783763885498 p:0.14403347671031952 n:0.08094145357608795 r:0.04962846636772156 s:0.030612763017416 pro:0.02748313918709755 un:0.016689425334334373 m:0.01636240817606449 per:0.015436665154993534 v:0.014524311758577824 :0.3856400530785322
leży:0.7192069888114929 żna:0.08138386160135269 leży:0.06898953020572662 ży:0.04338717460632324 zna:0.012505757622420788 ży:0.00454934174194932 ina:0.003955949563533068 leż:0.0039039591792970896 zy:0.003382860915735364 ż:0.002837148029357195 :0.0558974277228117
Ameryka:0.25810179114341736 Włochy:0.22059884667396545 Anglia:0.15013007819652557 Kanada:0.052570100873708725 Meksyk:0.029095076024532318 Niemcy:0.02751796506345272 Hiszpania:0.023845087736845016 Kuba:0.021291490644216537 Europa:0.019708428531885147 Szwecja:0.01927887462079525 :0.1778622604906559
ы:0.336309015750885 е:0.19593845307826996 а:0.12368625402450562 у:0.06842632591724396 я:0.034008465707302094 о:0.019047223031520844 п:0.01614968292415142 ка:0.015555827878415585 ,:0.00854061171412468 :0.18233813997358084
):0.9971469044685364 .:0.0007733729435130954 ]:0.0002450713946018368 l:0.00017485272837802768 ;:0.0001741072628647089 —:0.00016519050404895097 }:0.0001348471996607259 ,:0.0001286012993659824 J:0.00010207038576481864 -:8.69881987455301e-05 :0.0008679936145199463
...:0.1400570273399353 ':0.05403280258178711 1:0.03393629938364029 ?:0.03068387322127819 ::0.030147207900881767 !:0.025580015033483505 ;:0.024861713871359825 k:0.023643754422664642 m:0.021458663046360016 a:0.019184252247214317 :0.596414390951395
ciu:0.1218654066324234 cu:0.11097145825624466 c:0.061894696205854416 lu:0.031712912023067474 cio:0.028751995414495468 cle:0.026629848405718803 cia:0.019111502915620804 ci:0.018731310963630676 l:0.015547147020697594 n:0.015408836305141449 :0.5493748858571053
Wszystko:0.8635266423225403 To:0.10691983997821808 wszystko:0.016124462708830833 Wszystko:0.004123910330235958 to:0.0016858687158674002 Cokolwiek:0.000624960579443723 Wszy:0.0005878916708752513 TY:0.0005223294720053673 Ty:0.00045463768765330315 A:0.0004148474836256355 :0.005014609050704166
':0.20472408831119537 e:0.06168942525982857 o:0.04175855219364166 a:0.03965087607502937 .:0.035792965441942215 ":0.03476446121931076 ,:0.03223332390189171 I:0.028617309406399727 l:0.027468714863061905 i:0.024148596450686455 :0.46915168687701225
ga:0.213020920753479 ta:0.03926865756511688 la:0.030907152220606804 ma:0.026450814679265022 oznacza:0.02491886168718338 gają:0.023375706747174263 ,:0.02103281207382679 gnie:0.016906512901186943 ci:0.016166837885975838 muje:0.015622272156178951 :0.5723294513300061
,:0.8860214352607727 polityczne:0.016875335946679115 ludowe:0.013260631822049618 wyborcze:0.011654641479253769 społeczne:0.009863246232271194 narodowe:0.006755090318620205 państwowe:0.005697797518223524 .:0.005392668768763542 rządowe:0.0032245281618088484 ludności:0.0016521207289770246 :0.039602503762580454
.:0.09474100172519684 ':0.09039559215307236 ł:0.07142762839794159 ,:0.06124194338917732 ":0.045872777700424194 ..:0.04243040084838867 J:0.04173466935753822 !:0.029652370139956474 -:0.028757113963365555 ::0.024652333930134773 :0.469094168394804
ent:0.9756351709365845 ment:0.005644781980663538 s:0.003966433461755514 d:0.0017733187414705753 ement:0.0009645873215049505 ation:0.000867986585944891 er:0.0007341265445575118 ers:0.0006834256346337497 en:0.0004885336384177208 rs:0.00040882983012124896 :0.008832805324345827
na:0.2337251752614975 ,:0.1402484029531479 Towarzystwa:0.08325688540935516 i:0.0583605095744133 w:0.04752605780959129 .:0.04040047898888588 z:0.029255950823426247 funduszu:0.028902893885970116 za:0.022838551551103592 czystego:0.017959756776690483 :0.29752533696591854
(:0.13212884962558746 długo:0.10683591663837433 !:0.07415030151605606 l:0.07265357673168182 I:0.04358397796750069 ,:0.03549667075276375 ':0.03345222771167755 {:0.030003203079104424 [:0.02868974208831787 l:0.02495814487338066 :0.4180473890155554
\:0.9999982118606567 ':6.957363325454935e-07 ,:1.648137128995586e-07 l:1.5410927289849496e-07 i:1.5084457061220746e-07 ":1.3064048687283503e-07 v:9.750315399514875e-08 t:5.5797539033619614e-08 ::4.9683993808002924e-08 :2.890102805963579e-07
