':0.19216488301753998 .:0.11351435631513596 ":0.08962305635213852 ,:0.07151133567094803 I:0.06296815723180771 ..:0.05573054403066635 !:0.04237213358283043 ::0.022768134251236916 ...:0.015834955498576164 _:0.013921943493187428 :0.3195905005559325
":0.11269435286521912 ,:0.10723128169775009 .:0.09565585851669312 ':0.06673545390367508 a:0.031823087483644485 1:0.024541450664401054 -:0.024076370522379875 ł:0.02339109778404236 J:0.0187763012945652 I:0.017685478553175926 :0.4773892667144537
poglądów:0.2577543258666992 wniosków:0.07079103589057922 przekonań:0.06701069325208664 nauk:0.03877637907862663 zasad:0.036533042788505554 pojęć:0.03588667884469032 przepisów:0.028352363035082817 postanowień:0.024906812235713005 wskazań:0.021696986630558968 sądów:0.021189585328102112 :0.3971020970493555
do:0.9990013241767883 to:0.00017603150627110153 więc:0.0001135670390794985 da:5.1367511332500726e-05 du:4.72297724627424e-05 do:4.632417039829306e-05 db:4.0152212022803724e-05 z:3.842702062684111e-05 zatem:3.486838249955326e-05 Do:3.1320836569648236e-05 :0.00041938737194868736
-:0.15146885812282562 ::0.11207760870456696 l:0.08524715900421143 .:0.05297408625483513 ':0.048594880849123 !:0.04271715506911278 J:0.02275661937892437 (:0.021825673058629036 ,:0.020425045862793922 e:0.01935392990708351 :0.42255898378789425
.:0.3058009743690491 -:0.06523289531469345 no:0.03354976326227188 ną:0.019225245341658592 ny:0.018236933276057243 gą:0.016855968162417412 nę:0.011137302033603191 ,:0.008573259226977825 sem:0.00789343286305666 ścią:0.007586662191897631 :0.505907563958317
':0.29550525546073914 ,:0.11071199923753738 ":0.08331348747015 .:0.07398990541696548 1:0.053954917937517166 !:0.04056013002991676 I:0.034373439848423004 t:0.02172829769551754 ::0.02141837775707245 J:0.015573449432849884 :0.2488707397133112
jedno:0.8676316142082214 jednego:0.07777099311351776 dwa:0.025161240249872208 jeden:0.006231836508959532 trzy:0.00418002437800169 drugie:0.002569051692262292 drugiego:0.00233958987519145 jedne:0.0017949502216652036 dwu:0.0013686864404007792 Jedno:0.0013523745583370328 :0.009599638753570616
ąca:0.1449933797121048 cały:0.07433925569057465 ,:0.049898166209459305 zarazem:0.048987071961164474 jąca:0.04129175469279289 tylko:0.03964707627892494 ten:0.022627219557762146 wysoki:0.019351376220583916 ':0.018458256497979164 wielki:0.017918597906827927 :0.5224878452718258
Samorządu:0.9461520910263062 Komitetu:0.035243939608335495 Zespołu:0.004532510414719582 Układu:0.002028069458901882 Związku:0.0017248019576072693 Ruchu:0.0012566320365294814 Domu:0.0010219913674518466 Wydziału:0.0009216471225954592 Zakładu:0.0008208798826672137 Rządu:0.0008010876481421292 :0.0054963494767434895
,:0.16273178160190582 ':0.11465224623680115 ..:0.08747991919517517 ::0.08073042333126068 .:0.06272140145301819 ":0.04628042131662369 !:0.029012469574809074 ...:0.025164317339658737 ):0.024703824892640114 _:0.024684913456439972 :0.3418382816016674
po:0.413181334733963 PO:0.07409331947565079 spo:0.04931722208857536 Po:0.04024229198694229 o:0.02426753006875515 za:0.02401595562696457 s:0.017411598935723305 po:0.013189748860895634 uspo:0.01314118504524231 S:0.01179603859782219 :0.3193437745794654
,:0.5446279644966125 ;:0.210967555642128 i:0.1159670501947403 Obecnie:0.02156561240553856 .:0.01986086368560791 ::0.01864771731197834 a:0.01671919785439968 (:0.013158001005649567 /:0.003174427431076765 I:0.002915336051955819 :0.032396273920312524
i:0.12938499450683594 ów:0.09188666194677353 l:0.055777695029973984 j:0.04076112061738968 al:0.03962056338787079 h:0.03831480070948601 ,:0.03300756588578224 J:0.031073547899723053 .:0.0298688355833292 an:0.028581419959664345 :0.48172279447317123
':0.18900802731513977 ":0.09325317293405533 ,:0.08696595579385757 .:0.06336617469787598 !:0.032704390585422516 ł:0.026667077094316483 I:0.025089895352721214 ::0.024572910740971565 ..:0.02268906496465206 ):0.021989988163113594 :0.4136933423578739
order:0.22259621322155 to:0.0534827820956707 forma:0.044848088175058365 data:0.04479217901825905 text:0.04144662246108055 dex:0.03292183205485344 not:0.024968719109892845 form:0.014140961691737175 materia:0.013336553238332272 standard:0.012869047932326794 :0.4945970010012388
l:0.168601855635643 ll:0.041597701609134674 (:0.02839762158691883 .:0.020626848563551903 l:0.020507143810391426 ,:0.01910373568534851 n:0.017144495621323586 ł:0.015415005385875702 I:0.015186023898422718 i:0.013484475202858448 :0.6399350930005312
samym:0.787810742855072 ":0.14652690291404724 .:0.008180147036910057 ,:0.005593595560640097 ':0.004620531108230352 samych:0.004248720593750477 sam:0.0025590204168111086 !:0.002428939566016197 własnym:0.002240394242107868 osobiście:0.0020090003963559866 :0.033782005310058594
.:0.10528126358985901 ,:0.07610270380973816 ':0.07267563045024872 ":0.05545821785926819 ::0.036335475742816925 ..:0.034072063863277435 Maja:0.022742193192243576 I:0.019994035363197327 !:0.016150763258337975 ):0.014105712994933128 :0.5470819398760796
.:0.16799119114875793 ,:0.0808209627866745 !:0.031856924295425415 b:0.02883412502706051 1:0.018695028498768806 f:0.017736325040459633 6:0.017537683248519897 ':0.016428327187895775 r:0.016084538772702217 c:0.015507667325437069 :0.5885072266682982
przemysłowych:0.20884227752685547 spożywczych:0.08808109909296036 rolniczych:0.06504958122968674 budowlanych:0.03901343047618866 rolnych:0.025177964940667152 kościelnych:0.022835444658994675 miejskich:0.02246527373790741 handlowych:0.01772383227944374 wiejskich:0.013677630573511124 żelaznych:0.013369034044444561 :0.4837644314393401
.:0.1549355834722519 ,:0.06728243827819824 -:0.04773810878396034 I:0.04355180636048317 ':0.03229400888085365 z:0.020065350458025932 do:0.01955854333937168 od:0.01653866469860077 !:0.01637544110417366 ::0.014456321485340595 :0.5672037331387401
.:0.0484604574739933 ,:0.039262477308511734 l:0.028259966522455215 ":0.027327800169587135 J:0.025369809940457344 ':0.024952035397291183 C:0.02234473079442978 ):0.020618803799152374 o:0.0205062422901392 I:0.018569963052868843 :0.7243277132511139
!:0.3192414343357086 ':0.0800500214099884 I:0.07551998645067215 ,:0.05384589731693268 .:0.04698816314339638 1:0.04533254727721214 l:0.03860344737768173 ::0.037822939455509186 i:0.027739306911826134 ":0.02522938884794712 :0.24962686747312546
Dlaczego:0.37169960141181946 Ja:0.10441163927316666 Co:0.09562946110963821 Naprawdę:0.08401288092136383 Tak:0.06329166889190674 Ty:0.021467674523591995 Pan:0.017713863402605057 Jak:0.01592060551047325 Doprawdy:0.012305155396461487 Czemu:0.01227931771427393 :0.20126813184469938
,:0.730097770690918 i:0.25877830386161804 lub:0.006207525730133057 albo:0.001875487738288939 ;:0.0006619428750127554 .:0.0006073489203117788 1:0.00024400287657044828 oraz:0.00022797557176090777 I:0.0001858603791333735 i:0.00014439152437262237 :0.0009693898318801075
.:0.10089541971683502 ie:0.08441116660833359 dzie:0.041114985942840576 ,:0.03747659549117088 ':0.03186025470495224 sie:0.02339928410947323 kładzie:0.02272697351872921 i:0.016560042276978493 e:0.015348070301115513 le:0.014361171051859856 :0.6118460362777114
":0.9924126267433167 ':0.0012042878661304712 świata:0.001043550088070333 człowieka:0.0007335789268836379 ”:0.0006883579189889133 ludzkości:0.0005139593267813325 *:0.0003770318580791354 “:0.00025017675943672657 ludzi:0.00022958099725656211 .:0.00014500151155516505 :0.0024018480035010725
.:0.7069792747497559 ,:0.04781437665224075 g:0.033785201609134674 s:0.011958587914705276 in:0.01013592816889286 t:0.00953489076346159 h:0.008404101245105267 ::0.0073797074146568775 and:0.00584114296361804 a:0.005267856176942587 :0.15289893234148622
y:0.17148268222808838 ,:0.05383832007646561 .:0.047711752355098724 ':0.029433123767375946 ą:0.026565799489617348 e:0.02285568229854107 Y:0.022560060024261475 d:0.020876646041870117 l:0.020872246474027634 .:0.019423833116889 :0.5643798541277647
':0.3238387405872345 !:0.05874745175242424 l:0.04700862616300583 d:0.033861078321933746 .:0.032590351998806 ~:0.02511012926697731 ,:0.022563010454177856 q:0.01841602474451065 ::0.017949216067790985 p:0.017111996188759804 :0.4028033744543791
,:0.8319022059440613 i:0.04053452983498573 !:0.009212814271450043 .:0.008146229200065136 ja:0.0031675000209361315 ;:0.003005840815603733 ':0.002805254189297557 I:0.002771961037069559 nawet:0.0026748680975288153 piękne:0.002549526048824191 :0.09322927054017782
w:0.2915158271789551 r:0.13447114825248718 l:0.1291278898715973 n:0.11451098322868347 ł:0.06874509900808334 m:0.039434097707271576 z:0.03744063526391983 f:0.02699361927807331 k:0.02477375976741314 t:0.01515104714781046 :0.11783589329570532
n:0.2173667997121811 ni:0.13543090224266052 na:0.035540610551834106 no:0.028415221720933914 me:0.01990528032183647 m:0.01765396259725094 I:0.013406893238425255 1:0.012548393569886684 D:0.012483865022659302 nos:0.012311437167227268 :0.49493663385510445
bo:0.6014408469200134 ale:0.11607231199741364 czy:0.05710683763027191 a:0.03015478141605854 gdyż:0.0187035221606493 to:0.017734741792082787 któremu:0.008273147977888584 albo:0.006505923345685005 ponieważ:0.005968337878584862 z:0.004601346794515848 :0.1334382020868361
::0.9867979884147644 ;:0.0041109779849648476 .:0.0038252731319516897 ,:0.0017569888150319457 -:0.00047051862929947674 ":0.00029477427597157657 mu:0.00028164038667455316 ':0.0002807340060826391 -:0.00012652079749386758 jej:0.00012396804231684655 :0.001930615515448153
B:0.1266200840473175 H:0.08567453175783157 o:0.07930818945169449 n:0.07563930749893188 C:0.05114796757698059 c:0.0480467714369297 O:0.03411344066262245 a:0.02798326313495636 p:0.023730069398880005 A:0.022309565916657448 :0.425426809117198
nastu:0.20246192812919617 .:0.10262040793895721 niemieckich:0.04362029209733009 z:0.0402429960668087 dziesięciu:0.03638916090130806 ,:0.02916039526462555 oficerów:0.023338239639997482 ':0.022314637899398804 tysięcy:0.02137884497642517 grup:0.016905253753066063 :0.4615678433328867
gospodarczym:0.23147772252559662 zamkniętym:0.1126648560166359 ciągłym:0.07302757352590561 kamiennym:0.07093117386102676 technicznym:0.058738261461257935 otwartym:0.044806092977523804 stałym:0.03096853755414486 energetycznym:0.02426859363913536 domowym:0.023494264110922813 wojskowym:0.016504554077982903 :0.31311837024986744
należącego:0.972588300704956 należących:0.010792698711156845 należącej:0.0030259995255619287 należąca:0.0029266991186887026 należącym:0.002577087376266718 należący:0.0019239449175074697 należące:0.0006653891759924591 stosownie:0.0004963513929396868 przynależności:0.0003639587666839361 ego:0.0003531557449605316 :0.004286414565285668
100:0.09889180958271027 20:0.09407246112823486 30:0.07135134190320969 25:0.07039938867092133 50:0.05538764223456383 10:0.051306843757629395 15:0.04301368445158005 200:0.0329272523522377 5:0.03264429047703743 80:0.031174182891845703 :0.41883110255002975
,:0.6766146421432495 .:0.04882653057575226 a:0.020103562623262405 ::0.010854433290660381 ':0.009957805275917053 c:0.009634137153625488 ;:0.009397357702255249 i:0.0075371828861534595 k:0.007393007166683674 ~:0.007016735151410103 :0.19266460603103042
':0.33560115098953247 ::0.13228969275951385 ,:0.09984636306762695 !:0.05877658352255821 ;:0.05177950859069824 ):0.04318005219101906 .:0.01758449338376522 ]:0.017204001545906067 }:0.016757812350988388 ":0.015464750118553638 :0.2115155914798379
':0.12124869227409363 ::0.10015106946229935 ,:0.08394038677215576 !:0.060304515063762665 ;:0.05515617877244949 J:0.036282896995544434 ..:0.031152959913015366 I:0.031020203605294228 ":0.03043469786643982 j:0.027785494923591614 :0.42252290435135365
kim:0.15631911158561707 ,:0.10127304494380951 ::0.0932827815413475 !:0.0680915042757988 m:0.05821703374385834 ;:0.04993438720703125 ':0.035599954426288605 /:0.03534518554806709 l:0.032609306275844574 i:0.023528268560767174 :0.3457994218915701
Medy:0.10488754510879517 Ludwika:0.08014742285013199 Francu:0.04757416620850563 Jean:0.03819863870739937 Jagiello:0.029239097610116005 Karola:0.0269088726490736 de:0.02170448563992977 San:0.01942399889230728 St:0.016938989982008934 Le:0.016539134085178375 :0.5984376482665539
i:0.8004313707351685 lub:0.1361636072397232 ,:0.023442467674613 czy:0.01730792596936226 albo:0.007722923532128334 oraz:0.0033963548485189676 bądź:0.0014102417044341564 bez:0.0006725330604240298 I:0.0006376918754540384 czyli:0.0006266742129810154 :0.008188209147192538
13:0.9971957206726074 13:0.0008205684716813266 12:0.00030285873799584806 13,:0.00022060502669773996 13.:0.0002193086693296209 133:0.00015891584916971624 14:0.00015753186016809195 -13:0.00011000558879459277 11:8.934235665947199e-05 1913:7.65013974159956e-05 :0.000648641369480174
,:0.4376008212566376 ':0.11460638046264648 ;:0.07137615978717804 !:0.05596516281366348 ::0.04445749148726463 ":0.041848547756671906 ):0.035640448331832886 }:0.021618489176034927 ?:0.01636195369064808 .:0.012703558430075645 :0.14782098680734634
inwestycji:0.17713575065135956 projektów:0.17429408431053162 kopalni:0.05080050602555275 obiektów:0.041362084448337555 kopalń:0.03572772443294525 złóż:0.02961811237037182 planów:0.027876652777194977 koncesji:0.026874862611293793 zakładów:0.02241569571197033 otworów:0.020755544304847717 :0.39313898235559464
':0.20404478907585144 _:0.09232733398675919 “:0.08183665573596954 ":0.056427426636219025 ~:0.04747163504362106 „:0.04520411044359207 ):0.0419391430914402 *:0.02851599082350731 ,:0.01821085438132286 ::0.017598040401935577 :0.3664240203797817
I:0.2734299898147583 ':0.128667414188385 ,:0.1106848195195198 !:0.06619347631931305 .:0.05602801591157913 ":0.039600782096385956 i:0.037089768797159195 ..:0.02943832240998745 ::0.019543087109923363 1:0.017902575433254242 :0.2214217483997345
.:0.16707675158977509 ,:0.07964284718036652 ':0.07202271372079849 ":0.05925387516617775 I:0.022447848692536354 ..:0.019261864945292473 -:0.01662985235452652 ::0.014233317226171494 1:0.01272551342844963 L:0.011608555912971497 :0.5250968597829342
pracuje:0.21191252768039703 jest:0.15509676933288574 nie:0.14751668274402618 nietylko:0.11253149807453156 będzie:0.06651552766561508 żyje:0.030132587999105453 istnieje:0.019196264445781708 pracowała:0.01396455429494381 stworzy:0.01063696388155222 buduje:0.010457162745296955 :0.22203946113586426
':0.14960508048534393 ):0.12443286180496216 ,:0.07073066383600235 ":0.06500355154275894 l:0.058929234743118286 .:0.05234271660447121 I:0.039223600178956985 J:0.03383556753396988 ;:0.033163730055093765 ::0.02790110372006893 :0.34483188949525356
R:0.9496721625328064 r:0.048909712582826614 R:0.00032643997110426426 TR:0.0001339839946012944 PR:0.00011181891750311479 KR:7.830211688997224e-05 AR:7.489075505873188e-05 O:7.317028212128207e-05 T:6.211788422660902e-05 RO:4.453851215657778e-05 :0.0005128624507051427
-:0.07544559240341187 .:0.03657877445220947 ,:0.036128006875514984 ':0.02933558262884617 I:0.029178189113736153 ::0.026485813781619072 !:0.02613653428852558 ":0.018183810636401176 w:0.017051931470632553 do:0.015062549151480198 :0.6904132151976228
aby:0.13250143826007843 od:0.09646784514188766 ,:0.0753500908613205 w:0.05815500020980835 na:0.05563008040189743 by:0.03729914873838425 ::0.028327515348792076 .:0.02685125172138214 za:0.025570575147867203 ażeby:0.023094436153769493 :0.44075261801481247
a:0.37373048067092896 o:0.20349647104740143 e:0.07765103131532669 y:0.04701865836977959 u:0.029171865433454514 k:0.029166050255298615 .:0.020086199045181274 t:0.01606082357466221 p:0.00992615520954132 ie:0.009404492564499378 :0.18428777251392603
z:0.17853306233882904 c:0.16252070665359497 w:0.06995443254709244 m:0.06865820288658142 i:0.06414123624563217 r:0.03991509601473808 s:0.02186092734336853 e:0.02160700224339962 d:0.0207239780575037 g:0.020705288276076317 :0.3313800673931837
nim:0.4861496090888977 śmierci:0.07302993535995483 Nim:0.06921301037073135 życiu:0.05685201659798622 tym:0.03915300965309143 grzechu:0.03100520744919777 umarłych:0.03062242455780506 krzyżu:0.029766784980893135 Bogu:0.023701954632997513 człowieku:0.015077708289027214 :0.14542833901941776
n:0.4909904897212982 m:0.08893992006778717 l:0.08544756472110748 nom:0.07801249623298645 w:0.04647418484091759 p:0.022720064967870712 t:0.008250703103840351 lom:0.006068481598049402 r:0.006003831047564745 lim:0.004749620798975229 :0.16234264289960265
Pan:0.35852983593940735 Król:0.17726963758468628 Mistrz:0.06348920613527298 Ojciec:0.048212599009275436 Bóg:0.040081799030303955 Syn:0.037322238087654114 Książę:0.024025272578001022 król:0.019247014075517654 lud:0.014371120370924473 Anioł:0.013601567596197128 :0.2038497095927596
j:0.6035552620887756 y:0.16545411944389343 h:0.12576238811016083 k:0.04407716542482376 i:0.02079089730978012 j:0.00717287277802825 z:0.006596046965569258 J:0.0034905753564089537 Y:0.0032268816139549017 e:0.002242809860035777 :0.017630981048569083
':0.16856393218040466 ::0.09327130764722824 ,:0.09180732071399689 ;:0.07652704417705536 !:0.07013427466154099 ":0.04367350414395332 .:0.0305358674377203 ):0.027469323948025703 >:0.0182802714407444 h:0.01794472523033619 :0.36179242841899395
313:0.679286539554596 312:0.15586696565151215 311:0.039857156574726105 314:0.025737542659044266 315:0.01863551326096058 316:0.017009271308779716 317:0.01041780598461628 413:0.007346218451857567 319:0.005730807781219482 318:0.004143182188272476 :0.035968996584415436
mówią:0.04764915630221367 ,:0.04704011231660843 uważają:0.04267387092113495 tym:0.03879372030496597 czują:0.036682985723018646 jest:0.030591638758778572 wiedzą:0.02868109941482544 to:0.025505606085062027 widać:0.021865487098693848 lubią:0.021394282579421997 :0.6591220404952765
\:0.9999758005142212 ':9.38882749323966e-06 ":3.781408850045409e-06 ,:1.271369342248363e-06 .:1.0796867400131305e-06 ):1.01084197012824e-06 !:9.337443316326244e-07 ::7.150662213462056e-07 1:6.57285795568896e-07 :5.3612550345860654e-06
':0.054261695593595505 ,:0.0529719777405262 .:0.04097950831055641 o:0.03622545301914215 ;:0.03544965758919716 t:0.03194952756166458 ::0.031222812831401825 i:0.028621843084692955 ):0.024835683405399323 !:0.02465134486556053 :0.6388304959982634
obie:0.4218650758266449 wszystkie:0.12141234427690506 dwie:0.10846321284770966 wyższe:0.07047121226787567 trzy:0.01814553141593933 różne:0.017925305292010307 inne:0.01500976923853159 obydwie:0.01347713079303503 Obie:0.012477128766477108 niektóre:0.01167245302349329 :0.18908083625137806
,:0.2571455240249634 ':0.2066931575536728 ":0.07585008442401886 .:0.07401038706302643 ::0.03954073786735535 1:0.03487907350063324 -:0.0320507287979126 ..:0.031130174174904823 ;:0.023886367678642273 I:0.02304612100124359 :0.20176764391362667
od:0.9581649899482727 z:0.022740697488188744 ,:0.006367056630551815 (:0.002710961038246751 .:0.0015535539714619517 Od:0.0012294664047658443 ":0.000455651170341298 sprzed:0.0004247848701197654 okres:0.00038811229751445353 po:0.00036814939812757075 :0.005596576782409102
licząc:0.5235821604728699 mających:0.07698027044534683 li:0.050896868109703064 obejmujących:0.032069530338048935 ,:0.0284908264875412 czących:0.02456807531416416 posiadających:0.024219268932938576 należących:0.021723348647356033 liczące:0.020021498203277588 i:0.008901100605726242 :0.1885470524430275
;:0.9262427091598511 ::0.02597843110561371 .:0.010672523640096188 ,:0.005376768298447132 ]:0.0022037127055227757 ):0.0021696879994124174 j:0.0020884599070996046 ':0.0010256086243316531 }:0.0010111227165907621 (:0.0009570496622473001 :0.022273926180787385
,:0.07659948617219925 .:0.07589206099510193 ":0.03280463069677353 ':0.02663218416273594 -:0.02429901994764805 a:0.018381772562861443 ::0.016190065070986748 i:0.014543119817972183 y:0.014396501705050468 I:0.012935386970639229 :0.6873257718980312
3:0.3225427567958832 2:0.20840223133563995 b:0.09917176514863968 4:0.08373653143644333 d:0.058122869580984116 5:0.05246959254145622 c:0.049525272101163864 6:0.024342680349946022 7:0.01175455842167139 e:0.008162560872733593 :0.08176918141543865
':0.1280984878540039 ,:0.0931851789355278 ":0.08166682720184326 .:0.04763302579522133 !:0.04080544039607048 ::0.035821981728076935 I:0.0290417168289423 ;:0.02766258269548416 o:0.021002238616347313 p:0.01995122991502285 :0.47513129003345966
(:0.10992568731307983 l:0.075062096118927 ,:0.059273432940244675 {:0.03909303992986679 ':0.036156732589006424 .:0.03410932794213295 I:0.032519422471523285 t:0.029244814068078995 l:0.0286397822201252 !:0.02210630103945732 :0.5338693633675575
badaniom:0.4988791048526764 rozwojowi:0.08476540446281433 nauce:0.06014173477888107 znaczeniu:0.03741614520549774 odkryć:0.033540766686201096 sprawie:0.01701776310801506 zastosowaniu:0.014683273620903492 odkrycia:0.014424906112253666 technice:0.013640124350786209 badaniu:0.011271130293607712 :0.21421964652836323
,:0.9919631481170654 .:0.007546248380094767 .:9.7191623353865e-05 ;:9.649405546952039e-05 ":7.655529043404385e-05 tylko:4.997907308279537e-05 ::2.59124135482125e-05 ':2.1095995180075988e-05 ...:1.3424401004158426e-05 -:1.0994494914484676e-05 :9.89561558526475e-05
l:0.08195353299379349 kol:0.07359892129898071 (:0.0400930792093277 -:0.0378229133784771 ):0.03750775009393692 .:0.03537820652127266 ':0.034708525985479355 ,:0.026005102321505547 ko:0.024223223328590393 !:0.02221951261162758 :0.5864892322570086
cznym:0.20053869485855103 nym:0.06915220618247986 ,:0.054134320467710495 wym:0.021258238703012466 owym:0.02079615369439125 ym:0.019852876663208008 c:0.01780354045331478 cym:0.016227785497903824 tylko:0.01581345684826374 .:0.014555291272699833 :0.5498674353584647
powinien:0.6948503851890564 musi:0.09471243619918823 ma:0.08859257400035858 winien:0.08688534796237946 może:0.010352697223424911 powinno:0.00793281476944685 będzie:0.0063461000099778175 miałby:0.0012819052208214998 miał:0.0011309785768389702 winno:0.001102686976082623 :0.006812073872424662
,:0.9802736043930054 .:0.01595202274620533 owice:0.0006860116845928133 owski:0.00045378811773844063 ;:0.0003330065228510648 ::0.00020362299983389676 owiec:0.00017271671094931662 owo:0.00013575307093560696 owa:0.00012521279859356582 Warszawa:0.00010796643618959934 :0.0015562945191049948
v:0.7860227823257446 V:0.12804526090621948 vi:0.01585269160568714 ':0.011457053013145924 ":0.004220014903694391 va:0.0037517165765166283 ,:0.003748372197151184 Vi:0.0032531162723898888 Y:0.0032440759241580963 1:0.0028883086051791906 :0.037516607670113444
.:0.7042394280433655 ,:0.2674623131752014 ;:0.008531681261956692 ):0.006789081264287233 ::0.0022801619488745928 /:0.0009039374999701977 —:0.000841788889374584 -:0.0008338810876011848 »:0.0006726242718286812 ':0.0005952788051217794 :0.0068498237524181604
grupa:0.762218713760376 Grupa:0.22170281410217285 grupy:0.004653038922697306 szkoła:0.001600039191544056 klasa:0.0015700077638030052 grup:0.0013835885329172015 młodzież:0.0007181222317740321 kategoria:0.0005578997661359608 grupę:0.0004960260121151805 grupie:0.0004775337874889374 :0.004622215928975493
,:0.08901555836200714 .:0.058554019778966904 si:0.033768389374017715 sił:0.02387944608926773 ludności:0.023597056046128273 się:0.022607052698731422 umysłów:0.016297634690999985 sit:0.015815427526831627 ':0.014992307871580124 sil:0.014949589967727661 :0.6865235175937414
mu:0.09515593945980072 tych:0.03996630385518074 na:0.03920049965381622 ,:0.0382794626057148 .:0.034903474152088165 ':0.028579633682966232 w:0.02496502175927162 im:0.02145596221089363 (:0.021326443180441856 z:0.019039791077375412 :0.6371274683624506
ał:0.07199264317750931 a:0.05763965845108032 e:0.04505296051502228 l:0.024392440915107727 o:0.01899540238082409 c:0.014440181665122509 ł:0.0110020125284791 pr:0.009447784163057804 ec:0.009393896907567978 y:0.009168143384158611 :0.7284748759120703
,:0.13958780467510223 ':0.0958508625626564 .:0.03941135108470917 ::0.03269482031464577 ":0.022263402119278908 ł:0.02116510085761547 y:0.020444564521312714 i:0.019717302173376083 ;:0.018063219264149666 o:0.017542872577905655 :0.5732586998492479
dni:0.5500349402427673 lat:0.3375391662120819 miesięcy:0.10516619682312012 roku:0.002212763763964176 dnia:0.0016239490360021591 tygodni:0.0015155068831518292 %:0.00018837195239029825 miesiąca:0.00015238743799272925 miesię:0.00013299875718075782 czasu:0.00011593953968258575 :0.001317779351666104
.:0.09007808566093445 ,:0.06130150333046913 ':0.05632498115301132 ::0.0469263419508934 ma:0.03750156611204147 ":0.029814433306455612 ..:0.024799365550279617 będzie:0.015011781826615334 ;:0.01434338465332985 ł:0.013611642643809319 :0.6102869138121605
~:0.45652973651885986 ::0.12651491165161133 e:0.10953056067228317 ;:0.02420015074312687 -:0.021922267973423004 .:0.021899763494729996 ':0.01605062372982502 =:0.011042525991797447 ,:0.010693968273699284 E:0.010215025395154953 :0.19140046555548906
w:0.5085117816925049 na:0.2852188050746918 ,:0.024921808391809464 .:0.014444050379097462 ":0.013330805115401745 .:0.008792674168944359 W:0.0071480730548501015 ':0.00678909569978714 n:0.006368386559188366 z:0.0035910187289118767 :0.12088350113481283
a:0.06177649274468422 e:0.04199020564556122 o:0.03985658288002014 u:0.03631025552749634 us:0.036004021763801575 is:0.03022497519850731 enta:0.021932320669293404 em:0.02056887373328209 .:0.019905811175704002 um:0.01871321350336075 :0.672717247158289
::0.19251012802124023 ':0.13984307646751404 ;:0.12282894551753998 ,:0.053163252770900726 ):0.051210541278123856 !:0.05023224651813507 ":0.036830976605415344 .:0.032009467482566833 >:0.019286947324872017 1:0.018905753269791603 :0.2831786647439003
jeszcze:0.06434857100248337 nazwisko:0.044733449816703796 ':0.03937076777219772 pana:0.02539825811982155 także:0.025081060826778412 i:0.024923857301473618 ::0.024478107690811157 na:0.022420210763812065 wymienić:0.015161104500293732 \:0.014095429331064224 :0.6999891828745604
':0.08434449881315231 ::0.05966438725590706 .:0.053548090159893036 ,:0.050995320081710815 ":0.0321781150996685 ):0.03134045749902725 ;:0.02800750732421875 l:0.02660525217652321 o:0.02652243711054325 !:0.025447022169828415 :0.5813469123095274
w:0.1349603831768036 należy:0.08799444139003754 .:0.04986082389950752 ło:0.03583741933107376 ::0.03548670932650566 doszło:0.03531159833073616 przypada:0.031173789873719215 ,:0.029684914276003838 należało:0.02758520282804966 ':0.02681010589003563 :0.5052946116775274
młodego:0.6708751320838928 starszego:0.2049189656972885 każdego:0.03481196239590645 starego:0.021676506847143173 starszych:0.00965943094342947 konkretnego:0.008650173433125019 drugiego:0.005064088851213455 młodszego:0.004011678509414196 tego:0.003770453156903386 młodych:0.002855344209820032 :0.033706263871863484
za:0.09632696956396103 p:0.08086419105529785 s:0.05551500245928764 o:0.039450667798519135 w:0.039026618003845215 po:0.02468293532729149 k:0.023757820948958397 na:0.023616498336195946 zw:0.023155255243182182 ,:0.01998538337647915 :0.573618657886982
z:0.9895469546318054 ze:0.0030821615364402533 7.:0.0015787184238433838 Z:0.0011296696029603481 s:0.0007510717841796577 ż:0.0004142704710830003 swoim:0.0003974490100517869 i:0.0003069520171266049 swym:0.00022333535889629275 7:0.00022243685089051723 :0.002346980312722735
i:0.1300813853740692 proponowany:0.1201929897069931 cały:0.07984253019094467 sam:0.05833287909626961 ustalony:0.042426180094480515 drugi:0.030714096501469612 inny:0.030176501721143723 tylko:0.02720228210091591 zaproponowany:0.021312398836016655 nowy:0.019738605245947838 :0.43998015113174915
l:0.053015049546957016 ':0.05004337057471275 .:0.04389891028404236 ,:0.03622131794691086 ł:0.031126702204346657 i:0.027761520817875862 ::0.02620253711938858 ":0.023243047297000885 .:0.021534861996769905 J:0.021524494513869286 :0.6654281876981258
produkcji:0.9958938360214233 wersji:0.0010652965866029263 telewizji:0.0003588184481486678 reżyserii:0.00033121666638180614 marki:0.00029279710724949837 serii:0.00027680103085003793 wytwórni:0.0002416434435872361 adaptacji:0.00015123937919270247 firmy:9.413612860953435e-05 edycji:7.83992072683759e-05 :0.0012158159806858748
wojskiem:0.1419619768857956 Niemiec:0.1348673403263092 frontu:0.08471506088972092 Warszawy:0.06455042213201523 Poznania:0.0505480132997036 Berlina:0.04261065647006035 wojska:0.025840651243925095 samochodami:0.021449493244290352 Niemcami:0.021207910031080246 bronią:0.019728830084204674 :0.39251964539289474
i:0.7850184440612793 ,:0.030333682894706726 I:0.02335434779524803 l:0.018329253420233727 1:0.016302982345223427 ':0.015938589349389076 czyli:0.008606156334280968 guberni:0.006099111866205931 .:0.006084953434765339 w:0.005692886188626289 :0.08423959231004119
2:0.13945479691028595 1:0.09110134840011597 3:0.08097314089536667 5:0.08003237098455429 10:0.07326637953519821 4:0.04757179319858551 6:0.03940621390938759 7:0.03603943809866905 100:0.03354635462164879 20:0.0293933916836977 :0.3492147717624903
':0.5909736752510071 !:0.09178488701581955 ::0.06942956894636154 ,:0.0641356036067009 ":0.023143842816352844 ?:0.017468439415097237 ;:0.016838209703564644 >:0.01680739037692547 &:0.015147749334573746 ):0.015034929849207401 :0.07923570368438959
n:0.25045526027679443 l:0.16271404922008514 r:0.16099362075328827 t:0.047672297805547714 d:0.04531187564134598 c:0.03973471745848656 I:0.03332855552434921 s:0.02422078512609005 u:0.022516867145895958 g:0.017415789887309074 :0.1956361811608076
,:0.9620563387870789 .:0.011566308327019215 .:0.0010795753914862871 ...:0.0010584371630102396 ;:0.0006026175105944276 jest:0.0005492047057487071 odpada:0.00044566686847247183 wszędzie:0.0003581327327992767 ):0.0003393029037397355 no:0.00033718624035827816 :0.021607229369692504
(:0.9928082227706909 {:0.005696495063602924 [:0.0005149582284502685 <:0.00031746021704748273 ,:0.0002045449655270204 ::2.3249809601111338e-05 f:1.935135333042126e-05 ):1.3606212633021642e-05 i:1.3603059414890595e-05 !:1.3282521649671253e-05 :0.00037522579805226997
do:0.9965214729309082 da:0.0012975001009181142 do:0.0005360820796340704 d:0.0002567927585914731 de:0.0002542253932915628 db:0.0001806452200980857 du:0.00012612019781954587 dio:0.0001257779949810356 to:6.10872230026871e-05 o:5.960775524727069e-05 :0.0005806883455079515
,:0.2530301511287689 ':0.1382979303598404 ::0.0814434066414833 y:0.06993608921766281 ;:0.0652623102068901 .:0.045289766043424606 !:0.0364450104534626 ..:0.028703080490231514 l:0.02571799047291279 i:0.02520824782550335 :0.2306660171598196
reaguje:0.39254894852638245 współdziała:0.19509904086589813 występuje:0.06712698191404343 współpracuje:0.05729575827717781 identyczny:0.032615888863801956 związany:0.024970484897494316 jest:0.023694533854722977 połączony:0.01734127476811409 zmieszany:0.01649998128414154 zachodzi:0.014974312856793404 :0.1578327938914299
siebie:0.20313332974910736 skrzydła:0.11391422152519226 obrady:0.10811854898929596 mury:0.09736057370901108 uwagę:0.08400245010852814 sztandar:0.05457247793674469 serca:0.03711821511387825 dach:0.031159646809101105 studia:0.025251857936382294 stoły:0.023957598954439163 :0.2214110791683197
%:0.5438280701637268 °:0.1925916075706482 ^:0.04222856089472771 cm:0.035492826253175735 stóp:0.018880486488342285 m:0.01863694004714489 części:0.009983495809137821 mm:0.009719500318169594 *:0.009017059579491615 metrów:0.0075331786647439 :0.11208827421069145
Z:0.9944732785224915 N:0.0026120308320969343 D:0.0007459481130354106 7.:0.0003609075502026826 z:0.0002549001947045326 Ż:0.00024863809812813997 S:0.00016276564565487206 R:0.0001565081038279459 L:0.00014758740144316107 P:0.0001230777270393446 :0.0007143578113755211
cia:0.0930834710597992 gnięcia:0.09245725721120834 gu:0.057388149201869965 sku:0.039674196392297745 śnięcia:0.02615024521946907 brania:0.02300357073545456 u:0.0211454089730978 gu:0.019517887383699417 śnienia:0.01646488904953003 du:0.015049912966787815 :0.5960650118067861
::0.19939298927783966 ':0.11686904728412628 ;:0.08551676571369171 ,:0.03452528268098831 ~:0.028314806520938873 _:0.027849093079566956 ":0.0255734883248806 -:0.020241836085915565 !:0.018213162198662758 ?:0.014278588816523552 :0.42922494001686573
i:0.5229678750038147 e:0.10210404545068741 a:0.09115961194038391 s:0.07226119935512543 o:0.030282288789749146 u:0.026870204135775566 t:0.013981658034026623 h:0.008978641591966152 r:0.008607855997979641 y:0.008073301985859871 :0.11471331771463156
i:0.45631998777389526 ,:0.08442310988903046 oraz:0.08364143967628479 1:0.04311935231089592 I:0.03973374888300896 ':0.023277120664715767 .:0.022995801642537117 l:0.014605553820729256 ::0.013295147567987442 -:0.011759384535253048 :0.20682935323566198
postanowieniem:0.43170785903930664 prawem:0.06602075695991516 pismem:0.046849627047777176 postępowaniem:0.04190827161073685 małżeństwem:0.03365806117653847 życiem:0.02982942759990692 rozkazem:0.02551414631307125 rozporządzeniem:0.023313168436288834 słowem:0.02192305587232113 przykładem:0.012421943247318268 :0.2668536826968193
?:0.10440555214881897 ^:0.07657364010810852 ':0.06838912516832352 l:0.031946226954460144 >:0.028584565967321396 ,:0.0264382716268301 -:0.026315614581108093 !:0.02579309046268463 *:0.019862154498696327 .:0.019294584169983864 :0.5723971743136644
.:0.7925517559051514 .:0.02731703594326973 danych:0.012350879609584808 ,:0.011102564632892609 ::0.006621947977691889 z:0.006555601023137569 sk:0.006065026856958866 ór:0.0060632918030023575 cia:0.0039838626980781555 w:0.0033404878340661526 :0.1240475457161665
przejrzeć:0.9811633229255676 złożyć:0.0059646982699632645 nabyć:0.003184389788657427 składać:0.0020402611698955297 odebrać:0.0013592339819297194 widzieć:0.0011260538594797254 otrzymać:0.0009776460938155651 znaleźć:0.0006136253941804171 dostać:0.0004231675702612847 zostawić:0.0004096055345144123 :0.002737995411735028
.:0.2829718291759491 nowej:0.1423766314983368 ':0.06547778844833374 ,:0.060885973274707794 ważnej:0.020242003723978996 ":0.01961914822459221 ..:0.017400873824954033 i:0.016590338200330734 wielkiej:0.01617218181490898 ze:0.01423636544495821 :0.3440268663689494
':0.22934718430042267 ,:0.19559453427791595 .:0.12660923600196838 ":0.08325263112783432 ::0.05906328186392784 ;:0.025287866592407227 I:0.023110419511795044 ..:0.022071661427617073 1:0.021408364176750183 -:0.020970474928617477 :0.19328434579074383
I:0.5884954929351807 i:0.08051242679357529 promieniowanie:0.07800273597240448 J:0.02403082884848118 promieniowania:0.021770544350147247 l:0.021162481978535652 1:0.009362205862998962 t:0.00827793963253498 II:0.007829088717699051 n:0.007687060162425041 :0.15286919474601746
po:0.4675670266151428 przed:0.32987236976623535 z:0.05120135471224785 w:0.04898805543780327 po:0.008338057436048985 Po:0.00558999041095376 o:0.0042790756560862064 ,:0.0027440437115728855 od:0.002719805808737874 przed:0.002547191921621561 :0.07615302852354944
ly:0.2297106385231018 ,:0.12738294899463654 less:0.09781890362501144 not:0.06247854605317116 ned:0.02760324813425541 ver:0.01692269556224346 to:0.01681649684906006 and:0.015686213970184326 now:0.015484019182622433 of:0.013182700611650944 :0.3769135884940624
.:0.9464101791381836 ,:0.03863369673490524 ...:0.0036092509981244802 !:0.001811162568628788 *:0.0013508308911696076 ':0.0012746317079290748 ..:0.0011321306228637695 ":0.0009250708972103894 ;:0.0009060266311280429 ::0.0005267271772027016 :0.0034202926326543093
oznaczone:0.13250821828842163 wyznaczone:0.11273229867219925 ustanowione:0.08795305341482162 przewidziane:0.08643007278442383 przeznaczone:0.08543160557746887 potrzebne:0.053129833191633224 rozłożone:0.04493359103798866 przyjęte:0.04249628633260727 gotowe:0.042000871151685715 zapisane:0.03641797974705696 :0.27596618980169296
skutki:0.43472427129745483 wiele:0.07459687441587448 treść:0.030942656099796295 winę:0.027052106335759163 błędy:0.0226402897387743 popełnienie:0.018095122650265694 następstwa:0.015359709039330482 wina:0.015102698467671871 szereg:0.01407405361533165 większość:0.012011135928332806 :0.3354010824114084
p:0.3852415680885315 u:0.22675062716007233 o:0.06161026284098625 n:0.05750144273042679 r:0.044305119663476944 s:0.018843885511159897 pro:0.016033202409744263 m:0.011175689287483692 d:0.010588228702545166 l:0.007585808634757996 :0.16036416497081518
leży:0.36012595891952515 ży:0.16227644681930542 żna:0.10267896950244904 zna:0.09678637981414795 leży:0.06361410021781921 zy:0.01438960526138544 ż:0.010789265856146812 i:0.005208111368119717 na:0.004555618856102228 si:0.0043635000474750996 :0.17521204333752394
Włochy:0.22269099950790405 Ameryka:0.18362906575202942 Anglia:0.15351125597953796 Niemcy:0.0913165807723999 Kanada:0.03396589308977127 Egipt:0.030429702252149582 Szwecja:0.030344387516379356 Francja:0.027992604300379753 Hiszpania:0.023366132751107216 Argentyna:0.022912703454494476 :0.179840674623847
ы:0.42967042326927185 а:0.14735591411590576 е:0.052278172224760056 я:0.04436693340539932 у:0.0392487496137619 о:0.021020907908678055 и:0.018032081425189972 ,:0.017025118693709373 ка:0.015369518660008907 :0.2156321806833148
):0.9974365830421448 ]:0.0005569740897044539 .:0.00046515895519405603 USA:0.00020099715038668364 }:0.00019227300072088838 ,:0.00014258378359954804 ;:0.00012339786917436868 —:8.989345951704308e-05 ::6.823150761192665e-05 -:4.834538049180992e-05 :0.0006755617614544462
...:0.10668965429067612 ':0.07585397362709045 1:0.07445694506168365 ::0.049078334122896194 !:0.04900500550866127 ;:0.04643290489912033 .:0.04526291415095329 ?:0.026860468089580536 ,:0.025143520906567574 2:0.0220821350812912 :0.4791341442614794
ciu:0.23542040586471558 cu:0.08807661384344101 c:0.08441481739282608 lu:0.03437875583767891 tu:0.02026430517435074 cio:0.018364666029810905 ctu:0.015138941816985607 ci:0.014521731995046139 pu:0.014478394761681557 cia:0.013491781428456306 :0.46144958585500717
Wszystko:0.9132619500160217 To:0.04624918848276138 wszystko:0.02429363876581192 Wszystko:0.004469586070626974 to:0.0020764446817338467 TY:0.0008782740915194154 Ty:0.0007626045262441039 Wszystkie:0.0005976784159429371 Cokolwiek:0.00052924471674487 Wszelkie:0.0004479898780118674 :0.006433400354580954
k:0.10026384890079498 ':0.08465550094842911 o:0.04804444685578346 .:0.04595630243420601 ,:0.0449259914457798 go:0.040350742638111115 ko:0.03089906834065914 c:0.024576829746365547 ":0.0240127295255661 m:0.018362941220402718 :0.537951597943902
ga:0.27577483654022217 gnie:0.06902942806482315 gają:0.051964521408081055 ga:0.030885329470038414 gać:0.026976196095347404 gnęła:0.021481838077306747 la:0.021354809403419495 ,:0.019477644935250282 ła:0.01789049059152603 gaj:0.015680383890867233 :0.449484521523118
,:0.9502859115600586 polityczne:0.007259204052388668 .:0.006772881839424372 ludowe:0.004487368743866682 narodowe:0.0038612731732428074 państwowe:0.0022454489953815937 społeczne:0.0021969066001474857 wyborcze:0.0021414419170469046 ":0.0013659283285960555 rządowe:0.0012193449074402452 :0.018164289882406592
,:0.11314620077610016 ':0.09630298614501953 .:0.08423729985952377 ł:0.0772569328546524 ..:0.05671238526701927 ":0.05157963186502457 !:0.0359429270029068 ::0.028101293370127678 J:0.027300003916025162 I:0.018232647329568863 :0.4111876916140318
ent:0.9685830473899841 ation:0.009822598658502102 ment:0.006399933714419603 s:0.005695336032658815 t:0.001237731659784913 en:0.0007340538431890309 value:0.0007286901236511767 e:0.0007060228381305933 d:0.00041506209527142346 er:0.00041293640970252454 :0.005264587234705687
,:0.20995673537254333 na:0.10812492668628693 i:0.03060297667980194 Towarzystwa:0.030535021796822548 rocznie:0.024372147396206856 .:0.02221696823835373 rocznego:0.01745440438389778 za:0.015532281249761581 w:0.014757170341908932 roczny:0.014125318266451359 :0.512322049587965
l:0.12878461182117462 !:0.1061832383275032 (:0.10327982902526855 I:0.05873504653573036 ,:0.05825107544660568 długo:0.04885349050164223 {:0.03474285826086998 ':0.027408847585320473 l:0.02732277475297451 t:0.02172875590622425 :0.38470947183668613
\:0.9999933242797852 ':1.8321802599530201e-06 ,:1.0285483540428686e-06 ":7.203840937108907e-07 ):5.55357871689921e-07 ::1.9676333806728508e-07 ..:1.8835224580016074e-07 v:1.679347292338207e-07 l:1.5094514083102695e-07 :1.835254181514756e-06
