n:0.3460412919521332 ni:0.038283247500658035 ,:0.0370573028922081 .:0.034030478447675705 i:0.03323953226208687 ą:0.022496504709124565 go:0.018667981028556824 ną:0.017533468082547188 ::0.016709916293621063 ć:0.01567380502820015 :0.4202664718031883
Pracy:0.6029283404350281 Społecznej:0.07632838934659958 Serca:0.06332790106534958 Zdrowia:0.05239627882838249 Medycznej:0.03131817653775215 Morskiej:0.01597161404788494 AM:0.01245210599154234 Sanitarnej:0.009231310337781906 Oddział:0.00861309003084898 Wsi:0.006670352537184954 :0.120762440841645
British:0.21944522857666016 Oxford:0.07281505316495895 London:0.06930352002382278 Cambridge:0.050283920019865036 University:0.048809874802827835 International:0.04626508802175522 Science:0.042251378297805786 National:0.03764989227056503 The:0.0334332175552845 UNESCO:0.026843268424272537 :0.35289955884218216
M:0.39358803629875183 Przede:0.11865504086017609 m:0.11465124785900116 Oto:0.06028854846954346 Między:0.03088996931910515 ':0.030498137697577477 Po:0.020685745403170586 I:0.014974554069340229 Ni:0.011331578716635704 T:0.010107448324561119 :0.1943296929821372
':0.25030088424682617 ):0.15552283823490143 ::0.15245744585990906 ,:0.055751968175172806 ;:0.04932684823870659 !:0.042260315269231796 >:0.03003961406648159 }:0.024454660713672638 l:0.017903633415699005 ":0.01700405403971672 :0.2049777377396822
poziomie:0.12266197055578232 czele:0.06956298649311066 stanowisku:0.05186464637517929 korzyść:0.03574422374367714 pozycji:0.035392943769693375 własnym:0.034131262451410294 wysokim:0.025878502056002617 dobrych:0.025808285921812057 obronie:0.02359684742987156 linii:0.022114906460046768 :0.5532434247434139
):0.9968807697296143 ?:0.0005566610489040613 ]:0.000380665878765285 }:0.0002631849201861769 !:0.00023455143673345447 Nie:0.00015647457621525973 ":0.00014326743257697672 /:0.00010101890802616253 ':9.36794385779649e-05 ”:8.9488152298145e-05 :0.0011002384781022556
i:0.363475501537323 l:0.07148654013872147 ,:0.05745590105652809 1:0.039527032524347305 z:0.02546144463121891 7:0.02310122922062874 ':0.021784665063023567 I:0.019863199442625046 wy:0.01816135086119175 s:0.01502662431448698 :0.34465651120990515
.:0.1305549293756485 ':0.12946100533008575 ":0.12495463341474533 l:0.06353407353162766 n:0.054419081658124924 t:0.04218343272805214 !:0.03001941367983818 ?:0.02611708641052246 ):0.02390110492706299 r:0.016634326428174973 :0.3582209125161171
no:0.34730264544487 d:0.15828837454319 s:0.01782897301018238 n:0.012653599493205547 zdro:0.0098230866715312 6:0.009009109809994698 ':0.00870442483574152 2:0.008689635433256626 S:0.008425898849964142 5:0.008286522701382637 :0.41098772920668125
Można:0.4995231330394745 Trudno:0.257045179605484 Próbowałem:0.03268399462103844 Już:0.021417193114757538 Należało:0.019381698220968246 Próby:0.01929948851466179 Trzeba:0.013874622993171215 Łatwo:0.013689890503883362 Prób:0.013149941340088844 Należałoby:0.010721231810748577 :0.0992136262357235
,:0.7386097311973572 ":0.15383829176425934 ':0.019929515197873116 l:0.016180792823433876 .:0.00841428991407156 !:0.008359955623745918 ..:0.007462927605956793 &:0.005333243869245052 _:0.004492776934057474 J:0.002840582514181733 :0.03453789255581796
bitwy:0.452112078666687 z:0.2707403898239136 polskiej:0.025180594995617867 i:0.020855626091361046 i:0.012956570833921432 y:0.011454716324806213 pod:0.010400873608887196 wyprawy:0.006287180818617344 .:0.006209087558090687 ':0.005477457772940397 :0.17832542350515723
":0.061060935258865356 .:0.05873192101716995 nie:0.050591565668582916 ':0.04550846293568611 ,:0.03878190740942955 ::0.027844751253724098 ..:0.019354207441210747 !:0.01568831317126751 da:0.015308686532080173 I:0.015238107182085514 :0.6518911421298981
wyrazu:0.15078894793987274 ek:0.09841187298297882 odpowiedni:0.05046694725751877 odniesienia:0.04368966817855835 formy:0.037973519414663315 zrozumienia:0.022383596748113632 kultu:0.021471761167049408 miejsca:0.01636265404522419 uznania:0.014971733093261719 pracy:0.013777382671833038 :0.529701916500926
tym:0.1389535665512085 tej:0.10483555495738983 ':0.051936227828264236 takim:0.05163196846842766 ::0.03426184505224228 Polsce:0.02562149614095688 ,:0.018019186332821846 takiej:0.01539730466902256 .:0.01351675670593977 naszym:0.013337753713130951 :0.5324883395805955
to:0.9718410968780518 powyższe:0.008022205904126167 razem:0.004469358362257481 to:0.0029967045411467552 inne:0.0021050735376775265 jednak:0.0016461461782455444 te:0.0014801651705056429 zaś:0.0008393015014007688 lo:0.000543328293133527 co:0.00042718613985925913 :0.00562943349359557
.:0.7171857357025146 ,:0.14991410076618195 ..:0.02310745231807232 -:0.014769501984119415 i:0.009624097496271133 ::0.008960384875535965 I:0.00848876591771841 _:0.00531178480014205 ':0.004448645748198032 ;:0.002895255573093891 :0.05529427481815219
l:0.13165460526943207 ::0.06704281270503998 t:0.06612873077392578 i:0.03743670508265495 (:0.03330692648887634 !:0.03047977201640606 I:0.025105880573391914 J:0.024033913388848305 n:0.02235228195786476 .:0.021590178832411766 :0.5408681929111481
ciężkich:0.27791568636894226 gwałtownych:0.17988665401935577 ostatnich:0.06696746498346329 dalszych:0.047041840851306915 krótkich:0.04537190869450569 licznych:0.04445718228816986 bezpośrednich:0.027622446417808533 dotychczasowych:0.026644906029105186 tych:0.026490401476621628 długich:0.024638770148158073 :0.2329627387225628
,:0.908471405506134 .:0.07805553823709488 ":0.0020584240555763245 ..:0.0014861875679343939 ':0.0011757697211578488 I:0.0008079891558736563 ::0.0007990313461050391 ;:0.0005236224387772381 t:0.0004292389203328639 -:0.00036245229421183467 :0.005830340756801888
n:0.07773752510547638 bie:0.06815467029809952 (:0.05717019736766815 ,:0.049175482243299484 [:0.036514781415462494 ?:0.03544534742832184 &:0.033824384212493896 u:0.02449142560362816 !:0.02361678145825863 ':0.022607984021306038 :0.5712614208459854
!:0.019697405397892 cel:0.011718527413904667 gó:0.011040768586099148 I:0.009874848648905754 si:0.007392136380076408 miejsc:0.006971701048314571 (:0.006207607686519623 wsi:0.005630252417176962 granic:0.005245840176939964 l:0.0051217214204370975 :0.9110991908237338
Kraków:0.3467230200767517 Zakopane:0.08838701248168945 Tarnów:0.05089613050222397 Lwów:0.04016390070319176 Pożar:0.039762891829013824 Rzeszów:0.01789432391524315 Praga:0.014799179509282112 Cholera:0.014533630572259426 Stryj:0.01323998998850584 Maj:0.012251670472323895 :0.36134824994951487
lekarstwo:0.8023912310600281 lekarstwa:0.06457360088825226 ulgę:0.028304139152169228 ulgi:0.014731472358107567 środki:0.014175794087350368 sposób:0.012881974689662457 radę:0.00951447430998087 środek:0.00530738802626729 pomoc:0.004704045131802559 odpowiedź:0.0032411711290478706 :0.04017470916733146
29:0.01604445092380047 31:0.015619289129972458 4:0.013966979458928108 8:0.012887074612081051 25:0.012609103694558144 16:0.011830593459308147 22:0.011085434816777706 21:0.011032521724700928 15:0.010308951139450073 30:0.01004881877452135 :0.8745667822659016
.:0.17798496782779694 ':0.17393143475055695 ::0.11641355603933334 ,:0.06780002266168594 ;:0.06137067824602127 ":0.0467679426074028 ..:0.03464795649051666 -:0.02316095121204853 !:0.01664484664797783 t:0.016366926953196526 :0.2649107165634632
początek:0.24247758090496063 koniec:0.10079639405012131 charakter:0.03959156945347786 wynik:0.030288994312286377 zakończenie:0.02335348166525364 wybuch:0.02202497608959675 fazę:0.020818272605538368 przebieg:0.018745874986052513 fakt:0.017735546454787254 okres:0.014217761345207691 :0.4699495481327176
.:0.12935729324817657 ie:0.11479837447404861 ':0.04560527577996254 ::0.04176020994782448 ,:0.032969046384096146 in:0.014362974092364311 na:0.013055904768407345 w:0.01179774384945631 mnie:0.011439591646194458 nie:0.01110986527055502 :0.5737437205389142
,:0.15570133924484253 ::0.1265679895877838 i:0.08101525157690048 .:0.053114887326955795 l:0.03356501832604408 b:0.030924726277589798 ':0.025604024529457092 I:0.025148101150989532 1:0.021087907254695892 ;:0.01909748464822769 :0.4281732700765133
cale:0.13403941690921783 nasze:0.028723765164613724 I:0.02793704904615879 i:0.020413381978869438 dobrem:0.017942843958735466 naszym:0.017130868509411812 ::0.016785841435194016 male:0.015206561423838139 .:0.013915367424488068 zdrowym:0.013486831448972225 :0.6944180727005005
nej:0.3267691135406494 niczej:0.26461029052734375 Zagranicznych:0.1119537502527237 Człowieka:0.09463717043399811 nej:0.04870770499110222 nych:0.012855718843638897 .:0.009494737721979618 zagranicznych:0.009002340957522392 niczą:0.008801394142210484 na:0.005184500012546778 :0.10798327857628465
pisma:0.9992503523826599 środka:0.00041717622661963105 piśmie:8.335157326655462e-05 dokumentu:5.5214793974300846e-05 pełnomocnictwa:3.2711875974200666e-05 pism:2.6885991246672347e-05 pismem:2.3359845727100037e-05 pełnomocnika:1.8964345144922845e-05 listu:1.5993751731002703e-05 papieru:9.15630425879499e-06 :6.683290939690778e-05
.:0.9738466739654541 ...:0.015287407673895359 ,:0.003613308072090149 !:0.0033726694528013468 ::0.0013650255277752876 -:0.0005911566549912095 ..:0.0005204371991567314 ;:0.00025631734752096236 .-:0.0001546551357023418 ....:0.00013940039207227528 :0.0008529485785402358
w:0.9930891394615173 na:0.004710656590759754 W:0.0008633914403617382 we:0.0002730816777329892 VI:0.00023073237389326096 w:0.00014599523274227977 przy:9.552538540447131e-05 z:7.437247404595837e-05 IV:6.774849316570908e-05 Vi:6.333961937343702e-05 :0.00038601725100306794
bie:0.12236755341291428 ::0.10486233979463577 ber:0.03469342738389969 ':0.032058555632829666 ):0.02083018608391285 ,:0.018803328275680542 bon:0.01821216195821762 ;:0.01737964153289795 ben:0.016052797436714172 in:0.013372689485549927 :0.6013673190027475
bytej:0.2999163568019867 Rusi:0.14334724843502045 Litwie:0.10606427490711212 Wschodzie:0.07129665464162827 Ukrainie:0.03908933326601982 zasadach:0.03048929199576378 wzór:0.02811085619032383 wschodzie:0.02516908571124077 Wołyniu:0.024693619459867477 czas:0.01973279006779194 :0.21209048852324486
kwiaty:0.04031848907470703 ułożone:0.03859682381153107 wykonane:0.029865358024835587 drzewa:0.02514507807791233 stojące:0.016193265095353127 utrzymane:0.015560193918645382 i:0.014727208763360977 nowe:0.013643060810863972 wzory:0.013408259488642216 piękne:0.01150929182767868 :0.7810329711064696
głowy:0.24083161354064941 żołądka:0.24013212323188782 gardła:0.06387344747781754 karku:0.03507153317332268 język:0.022757017984986305 brzucha:0.020597953349351883 języka:0.019541611894965172 rąk:0.01920008286833763 nerek:0.017820434644818306 serca:0.01604476384818554 :0.3041294179856777
dom:0.09899477660655975 ,:0.05312895402312279 wraz:0.04279422014951706 ):0.0413091741502285 budynek:0.038227736949920654 ::0.03376927226781845 folwark:0.02826686017215252 domek:0.019114606082439423 jest:0.01594887301325798 murowany:0.015764251351356506 :0.6126812752336264
1:0.0521460622549057 i:0.04420289769768715 ':0.035974930971860886 ::0.034755222499370575 5:0.03473202884197235 3:0.030001021921634674 l:0.026372989639639854 en:0.02301875129342079 ):0.02075905166566372 r:0.0206450168043375 :0.6773920264095068
,:0.6489076614379883 ::0.19885046780109406 ;:0.06710144132375717 i:0.03924315795302391 .:0.023952556774020195 oraz:0.004369162488728762 --:0.0014906226424500346 i:0.00139314541593194 -:0.0010250097839161754 szczegółowo:0.0009191599674522877 :0.012747614411637187
która:0.9928067922592163 jaka:0.0021369322203099728 gdyż:0.001555204507894814 ponieważ:0.0011309294495731592 które:0.0005283198552206159 albowiem:0.0003190364805050194 jakkolwiek:0.00011144704330945387 skoro:0.00010861908231163397 który:9.966240031644702e-05 bowiem:9.857901022769511e-05 :0.0011044776911148801
«:0.9574537873268127 *:0.010611487552523613 ":0.008232596330344677 »:0.005983284208923578 ':0.0022072717547416687 <:0.001396379666402936 “:0.0012096845312044024 .:0.0006325121503323317 ):0.0005859317607246339 1:0.00045651954133063555 :0.01123054517665878
,:0.6371399164199829 i:0.1688999980688095 a:0.09386903047561646 1:0.020141201093792915 .:0.01717951148748398 .:0.011063222773373127 I:0.00791261624544859 ;:0.006222143303602934 l:0.002871943172067404 lub:0.0024285370018333197 :0.03227187995798886
komunistów:0.3257361948490143 partyj:0.20693343877792358 partii:0.18665148317813873 komunistyczne:0.0817653238773346 robotników:0.06439298391342163 polityczne:0.02411402203142643 kobiet:0.0064945099875330925 zawodowe:0.0050605107098817825 społeczne:0.0038353586569428444 mas:0.003834777045994997 :0.09118139697238803
.:0.5228270888328552 ?:0.30918750166893005 ...:0.07240071892738342 !:0.040359217673540115 ,:0.011945133097469807 ..:0.005170869175344706 -:0.0037497556768357754 ':0.002980282995849848 ":0.00280720554292202 l:0.0026924461126327515 :0.025879780296236277
.:0.6859878301620483 ,:0.07208192348480225 w:0.017984991893172264 z:0.01612868718802929 ::0.015902018174529076 ;:0.01335589587688446 i:0.011269242502748966 ':0.01097351685166359 _:0.010460961610078812 do:0.010059873573482037 :0.13579505868256092
wszystkich:0.4847601652145386 obojga:0.2354763001203537 obu:0.03639058768749237 samych:0.02799617499113083 dwojga:0.01809115894138813 !:0.009977898560464382 ':0.009828650392591953 panów:0.00948239490389824 oboje:0.009312237612903118 .:0.009147253818809986 :0.14953717775642872
ć:0.40258148312568665 c:0.05406752973794937 e:0.04338295757770538 ł:0.04057054966688156 t:0.03186916187405586 l:0.028709296137094498 1:0.02014966309070587 ::0.016883989796042442 .:0.016654882580041885 Ć:0.01510636042803526 :0.3300241259858012
Górski:0.09892960637807846 Grabowski:0.06846382468938828 Dąbrowski:0.061117734760046005 Kozłowski:0.051687486469745636 Kowalski:0.050985388457775116 Biskup:0.03422223776578903 Nowak:0.031060844659805298 Szymański:0.029567094519734383 Jankowski:0.023361608386039734 Kamiński:0.020900707691907883 :0.5297034662216902
naukowej:0.7543309926986694 gospodarczej:0.08103543519973755 międzynarodowej:0.06872858107089996 morskiej:0.027161549776792526 ekonomicznej:0.012657195329666138 technicznej:0.011802122928202152 kulturalnej:0.00351123814471066 naukowców:0.0032970216125249863 handlowej:0.002952326787635684 ekspertów:0.0022492376156151295 :0.03227429883554578
ukrycia:0.293788880109787 oparcia:0.1541452407836914 utrzymania:0.10787253081798553 zaopatrzenia:0.07394488900899887 pomieszczenia:0.033592067658901215 zabezpieczenia:0.029412120580673218 umocnienia:0.02864816039800644 znajdującego:0.019339852035045624 znajdujących:0.018634352833032608 zatrzymania:0.016003115102648735 :0.22461879067122936
::0.14236153662204742 .:0.13553409278392792 °:0.11924122273921967 ':0.06900310516357422 „:0.06108108535408974 ":0.057932257652282715 “:0.05387955904006958 ;:0.03722374141216278 ,:0.03226165473461151 i:0.02835705690085888 :0.26312468759715557
ben:0.22211414575576782 bon:0.08117290586233139 bie:0.06931911408901215 in:0.062221694737672806 ber:0.05556996166706085 ober:0.04715805873274803 ba:0.03403908759355545 um:0.03371096029877663 bis:0.023888789117336273 mit:0.015119093470275402 :0.3556861886754632
wskazuje:0.3711789846420288 oznacza:0.07359777390956879 sugeruje:0.0514228530228138 mówi:0.05100545659661293 zakłada:0.04568556323647499 wykazuje:0.02936442382633686 uczy:0.024832531809806824 dowodzi:0.021756455302238464 stwierdza:0.02164548635482788 powiada:0.021529024466872215 :0.28798144683241844
,:0.1539788544178009 przez:0.14884430170059204 go:0.060255758464336395 .:0.044235412031412125 ich:0.035753779113292694 uczelni:0.02653893083333969 jego:0.024663297459483147 ":0.020875949412584305 nas:0.019220659509301186 jej:0.01571914739906788 :0.44991390965878963
r:0.5613071918487549 n:0.1936454474925995 d:0.05159573256969452 t:0.05154703930020332 l:0.026083337143063545 ł:0.014661218971014023 I:0.01224844716489315 w:0.010028574615716934 11:0.007910778746008873 s:0.006646029185503721 :0.06432620296254754
z:0.9301238059997559 ze:0.025395367294549942 bez:0.014324620366096497 Z:0.004299874417483807 nieuf:0.0038917248602956533 bardzo:0.0015444819582626224 tylko:0.001401101122610271 nie:0.0007389630773104727 i:0.0006281111272983253 scep:0.0005771297146566212 :0.01707482006167993
się:0.9632641673088074 sie:0.010166560299694538 si:0.005227370653301477 go:0.001744536217302084 uwagę:0.0013523648958653212 Się:0.0010873875580728054 zdanie:0.000970535387750715 sio:0.0006587864481844008 przekonanie:0.0004666223539970815 sir:0.0004309205978643149 :0.014630748279159889
udaje:0.3411444425582886 trzyma:0.2323022037744522 rozwija:0.13733620941638947 nadaje:0.031410034745931625 prowadzi:0.02480887994170189 ma:0.02347690984606743 czuje:0.01988309994339943 dzieje:0.019097717478871346 zachowuje:0.017561588436365128 robi:0.015018158592283726 :0.13796075526624918
jest:0.24560818076133728 było:0.16249261796474457 na:0.09488555043935776 i:0.06958533078432083 spowodowała:0.0530836284160614 była:0.021237246692180634 to:0.01978594996035099 byłoby:0.019366353750228882 umożliwia:0.019241610541939735 uniemożliwia:0.015940997749567032 :0.2787725329399109
swoje:0.5030524730682373 swe:0.2995098829269409 to:0.022213418036699295 si:0.01849731244146824 nie:0.012413852848112583 k:0.00595889100804925 me:0.005317921284586191 le:0.004070200026035309 ,:0.0037669448647648096 stwo:0.0034755649976432323 :0.12172353849746287
szeroki:0.37814953923225403 bogaty:0.1542958766222 pełny:0.05449293926358223 pełen:0.04807567968964577 Duży:0.04702075570821762 Największy:0.034402139484882355 Wielki:0.02490556240081787 największy:0.022908244282007217 wielki:0.02254379540681839 duży:0.018818465992808342 :0.19438700191676617
.:0.9909866452217102 ,:0.005847010761499405 ..:0.0011750991689041257 ::0.00030179560417309403 !:0.0002792012819554657 _:0.00015222154615912586 ;:0.00014956074301153421 -:0.00014403487148229033 ':9.86019367701374e-05 ...:9.393000800628215e-05 :0.0007718988563283347
pismo:0.08516385406255722 Pismo:0.06416922062635422 apel:0.0571456141769886 w:0.049230899661779404 Organ:0.033719513565301895 W:0.029600702226161957 I:0.02276453748345375 oświadczenie:0.021637199446558952 Stanowisko:0.021152812987565994 organ:0.018554020673036575 :0.5968616250902414
ą:0.9919614195823669 ę:0.0053427498787641525 ą:0.0011449793819338083 a:0.0008805979741737247 q:0.00029360444750636816 e:8.276441076304764e-05 rzą:5.804108513984829e-05 o:4.235747110215016e-05 ó:3.262868995079771e-05 u:2.633313306432683e-05 :0.00013452394523483235
dnie:0.6891241669654846 dna:0.12795016169548035 dne:0.033689212054014206 dn:0.031175797805190086 ne:0.02813355065882206 dane:0.010444466024637222 one:0.008633346296846867 dno:0.0065567754209041595 de:0.006377320736646652 dy:0.00568065419793129 :0.05223454814404249
opisał:0.7716363072395325 opisuje:0.0913609117269516 określił:0.03729904070496559 wyjaśnił:0.012066756375133991 przedstawił:0.009778025560081005 definiuje:0.00772138312458992 zaprezentował:0.007432035636156797 sformułował:0.004944385960698128 określa:0.004612231161445379 ujął:0.004605357069522142 :0.048543565440922976
stanowi:0.5349050164222717 tworz:0.2522208094596863 s:0.08266425877809525 czyni:0.02855590730905533 daj:0.019915778189897537 S:0.016813332214951515 stanow:0.01355158444494009 maj:0.011001894250512123 jest:0.0040499186143279076 robi:0.003956887871026993 :0.03236461244523525
kroków:0.18701724708080292 osób:0.1794838160276413 ludzi:0.17369230091571808 piersi:0.12392671406269073 głosów:0.10251570492982864 dusz:0.038155462592840195 par:0.035894881933927536 kobiet:0.017358656972646713 robotników:0.014754175208508968 istot:0.012485931627452374 :0.11471510864794254
się:0.9666042327880859 dzieci:0.011133474297821522 uczniów:0.0038044683169573545 społecznym:0.0031455380376428366 młodzieży:0.0018489494686946273 dorosłych:0.0017206891207024455 ludzi:0.0015502168098464608 nauczycieli:0.0010818594601005316 dziecka:0.0009734827326610684 si:0.0004631847550626844 :0.007673904212424532
S:0.6520054936408997 .:0.08234802633523941 -:0.02456989325582981 ':0.02413618192076683 I:0.013799901120364666 Ś:0.010286295786499977 8:0.009856571443378925 §:0.00834056455641985 ,:0.007741766516119242 SI:0.0058103823103010654 :0.16110492311418056
.:0.34871912002563477 ':0.09634216129779816 dwoma:0.05535605177283287 odpowiednimi:0.04288865998387337 5:0.030025063082575798 10:0.02914167195558548 trzema:0.025715865194797516 ,:0.02542778104543686 2:0.02139856107532978 ::0.01863447017967701 :0.3063505943864584
kolejowe:0.18149900436401367 komunikacyjne:0.0961722880601883 dla:0.06049484387040138 wspólne:0.044630274176597595 i:0.03215867280960083 główne:0.031486064195632935 do:0.0298939049243927 komunikacji:0.018663382157683372 ruchu:0.017071429640054703 ):0.017031393945217133 :0.4708987418562174
1:0.07823488861322403 V:0.07003506273031235 ):0.05330304428935051 ':0.049642834812402725 3:0.04425623640418053 4:0.03216914087533951 5:0.03183179721236229 I:0.028324127197265625 11:0.021533748134970665 .:0.01869204454123974 :0.571977075189352
K:0.19977903366088867 G:0.1977074146270752 B:0.13728319108486176 D:0.128500834107399 W:0.0811038389801979 S:0.070536307990551 M:0.036237407475709915 T:0.031187696382403374 P:0.019373802468180656 H:0.016113534569740295 :0.08217693865299225
10:0.34567204117774963 .:0.044738080352544785 ':0.036620836704969406 15:0.03290211409330368 &:0.030503805726766586 U:0.022095084190368652 ":0.021935392171144485 Q:0.018671533092856407 16:0.01742808148264885 O:0.01634432002902031 :0.4130887109786272
m:0.06406210362911224 J:0.043832410126924515 d:0.04324844107031822 I:0.03788946568965912 1:0.02883303351700306 ":0.02764926664531231 l:0.026497187092900276 (:0.023023109883069992 ml:0.022208506241440773 W:0.022186193615198135 :0.6605702824890614
6:0.03743772581219673 8:0.03387203812599182 7:0.030042897909879684 10:0.029866095632314682 2:0.028569504618644714 5:0.02820291370153427 12:0.027513202279806137 4:0.027228735387325287 30:0.025305025279521942 14:0.02411637455224991 :0.7078454867005348
':0.056265298277139664 os:0.030082257464528084 ,:0.028156524524092674 _:0.025570489466190338 r:0.023261377587914467 ą:0.019790157675743103 ::0.018078060820698738 ol:0.011586830951273441 ;:0.01088950876146555 l:0.01039978303015232 :0.7659197114408016
,:0.8080927729606628 .:0.12970608472824097 polskiego:0.006498560309410095 ":0.0036674938164651394 ::0.0032534890342503786 ':0.0032475246116518974 miejskiego:0.002910829149186611 rosyjskiego:0.0024901654105633497 i:0.0017846463015303016 ;:0.0013635563664138317 :0.03698487731162459
metalowych:0.5534906387329102 żelaznych:0.15020011365413666 stalowych:0.06368861347436905 przemysłowych:0.020445190370082855 drewnianych:0.014763930812478065 budowlanych:0.011589844711124897 górniczych:0.011347351595759392 mechanicznych:0.010913744568824768 kamiennych:0.010869641788303852 elektrycznych:0.008541008457541466 :0.14414992183446884
innego:0.30764901638031006 prędzej:0.24825969338417053 takiego:0.14535151422023773 dobrego:0.02765793167054653 tak:0.022351086139678955 lepszego:0.021704256534576416 sik:0.016260901466012 najprędzej:0.009344772435724735 ś:0.008031962439417839 jeszcze:0.007355895359069109 :0.1860329699702561
':0.418521910905838 ":0.1101207584142685 ,:0.06283533573150635 a:0.04634137451648712 (:0.027857575565576553 ):0.019500819966197014 .:0.016778036952018738 ::0.015299174003303051 I:0.015164271928369999 1:0.013436977751553059 :0.2541437642648816
Jan:0.10712365061044693 Stanisław:0.07489977031946182 Tadeusz:0.06420934200286865 Józef:0.055845554918050766 Kazimierz:0.05516298860311508 Stefan:0.05350660905241966 Antoni:0.03546832129359245 Władysław:0.034771621227264404 Franciszek:0.025193657726049423 Czesław:0.025118565186858177 :0.4686999190598726
':0.17221665382385254 ,:0.1311076283454895 ":0.12060326337814331 ::0.0984332337975502 ..:0.051642581820487976 ;:0.04609312862157822 I:0.0449242889881134 !:0.04423842579126358 &:0.024369671940803528 ):0.016491029411554337 :0.2498800940811634
aby:0.6081732511520386 by:0.21059517562389374 ażeby:0.1308777928352356 żeby:0.010813555680215359 i:0.006463716737926006 prosimy:0.0029761025216430426 zamiast:0.001596681191585958 oraz:0.0015837496612221003 mające:0.0015425481833517551 a:0.0015335010830312967 :0.023843925329856575
c:0.40701302886009216 C:0.07205250859260559 ce:0.06460241973400116 co:0.060766082257032394 C:0.05273772031068802 c:0.04553452879190445 cenie:0.038177091628313065 ci:0.03404977545142174 cc:0.031791675835847855 e:0.023922396823763847 :0.16935277171432972
":0.03967070206999779 o:0.034451812505722046 .:0.03430107608437538 ,:0.03134005516767502 1:0.03096967376768589 l:0.028756454586982727 j:0.024819206446409225 J:0.023541171103715897 ':0.021491527557373047 h:0.021352462470531464 :0.7093058582395315
i:0.053186461329460144 ,:0.05211731791496277 u:0.03357551991939545 ":0.031033094972372055 ':0.02897489070892334 a:0.023272834718227386 I:0.021554460749030113 1:0.01773310825228691 r:0.014565725810825825 ki:0.014398845843970776 :0.7095877397805452
py:0.6207942366600037 stwa:0.04450373351573944 sy:0.03732844442129135 y:0.02980787120759487 wy:0.015772370621562004 Y:0.0128644909709692 ki:0.011845799162983894 pnie:0.011174519546329975 gi:0.01000840961933136 pie:0.007615426555275917 :0.19828469771891832
do:0.8328856825828552 na:0.14503200352191925 o:0.004516188520938158 od:0.0032578252721577883 dnia:0.002212043385952711 z:0.0020978166721761227 dopiero:0.0010594476480036974 .:0.0007816661964170635 już:0.0005419227527454495 po:0.0004935090546496212 :0.007121894392184913
,:0.6975091695785522 .:0.2569800913333893 oraz:0.010842040181159973 i:0.005611927714198828 ;:0.004714922048151493 dalej:0.00446135550737381 ..:0.0025360954459756613 wreszcie:0.0017576219979673624 ":0.0013386134523898363 I:0.0008871183381415904 :0.013361044402699918
of:0.48247030377388 and:0.2802162170410156 to:0.08615291863679886 in:0.051998868584632874 on:0.024625243619084358 for:0.021214263513684273 from:0.007576964795589447 with:0.006703996565192938 by:0.005635186564177275 the:0.005097101908177137 :0.02830893499776721
centralną:0.5848310589790344 niemiecką:0.03198220953345299 ::0.023138899356126785 główną:0.02168840542435646 tą:0.01897713541984558 central:0.01861407794058323 .:0.01258204597979784 ':0.01216149888932705 jedną:0.010338295251131058 państwową:0.008581837639212608 :0.257104535587132
zajął:0.6209688782691956 zajmuje:0.08807135373353958 zdobył:0.04249253869056702 otrzymał:0.022508980706334114 zajęła:0.01831926219165325 zajmu:0.01213572546839714 zajmie:0.011083424091339111 zajmował:0.01083577610552311 podzielił:0.007226938381791115 zaje:0.006126997992396355 :0.16023012436926365
silny:0.11571429669857025 duży:0.11315025389194489 ono:0.10478749871253967 ogromny:0.10329454392194748 pewien:0.05694850534200668 głęboki:0.05207952484488487 wielki:0.04030750319361687 on:0.029527850449085236 przykry:0.017589444294571877 znaczny:0.014931156300008297 :0.3516694223508239
jeśli:0.4168015420436859 jeżeli:0.3523927628993988 gdy:0.13026240468025208 jak:0.03785768896341324 kiedy:0.033098313957452774 skoro:0.007339454721659422 kogo:0.004023948684334755 że:0.003661590861156583 Jeśli:0.0011714569991454482 co:0.0011512741912156343 :0.012239561998285353
,:0.4780251383781433 .:0.1576143205165863 I:0.029355088248848915 mówi:0.015689736232161522 i:0.013587221503257751 ::0.010672974400222301 ;:0.0098529988899827 że:0.009066279977560043 jako:0.007634159177541733 ":0.0073530287481844425 :0.261149053927511
l:0.1892080157995224 (:0.11066105216741562 f:0.060702405869960785 .:0.02931482344865799 C:0.028042033314704895 ::0.025687627494335175 ):0.024321669712662697 ll:0.02089640311896801 ,:0.016480501741170883 ":0.01309428084641695 :0.4815911864861846
ci:0.08385908603668213 c:0.06885874271392822 wód:0.06389953196048737 i:0.044712137430906296 m:0.04334846884012222 d:0.03591994568705559 ,:0.024832921102643013 c:0.023854751139879227 wolni:0.02037150040268898 ::0.016847610473632812 :0.5734953042119741
(:0.9981521964073181 {:0.00035938085056841373 ,:0.0002938136167358607 .:0.00024216878227889538 [:0.00014492050104308873 <:0.00012802831770386547 ;:7.164041016949341e-05 /:5.922038690187037e-05 i:4.486748366616666e-05 —:3.004124118888285e-05 :0.00047372200242534745
ber:0.18215052783489227 bie:0.1264893114566803 ?:0.08871611207723618 ben:0.053268130868673325 b:0.038966596126556396 ':0.01491179596632719 in:0.0141963642090559 ::0.014033982530236244 (:0.013336199335753918 !:0.012807793915271759 :0.4411231856793165
tak:0.8698940873146057 lak:0.02499351277947426 kraju:0.007167457602918148 Tak:0.005625673104077578 -:0.003959106747061014 części:0.003504461143165827 ak:0.0030125929042696953 sk:0.0021458244882524014 k:0.0017545223236083984 krajach:0.0015605431981384754 :0.07638221839442849
i:0.458595871925354 a:0.029879773035645485 n:0.022645778954029083 l:0.021164869889616966 z:0.020358597859740257 ':0.017867669463157654 r:0.01731133460998535 o:0.01646517962217331 j:0.015060859732329845 ,:0.014836570248007774 :0.36581349465996027
nich:0.9930908679962158 ich:0.003489785362035036 których:0.0008471425389871001 tych:0.000680245109833777 poetów:0.00028410812956281006 takich:0.00015429360792040825 nikogo:0.00014599939459003508 niego:0.0001171060066553764 wszystkich:9.335934737464413e-05 nas:8.8312997831963e-05 :0.0010087795089930296
wykonania:0.6074235439300537 realizacji:0.13308173418045044 wykonywania:0.06970520317554474 naruszenia:0.03874801844358444 wypełnienia:0.03445975109934807 spełnienia:0.03233210742473602 przyjęcia:0.009459320455789566 zrealizowania:0.008328855969011784 podjęcia:0.005616243928670883 wypełniania:0.005607830360531807 :0.05523739103227854
m:0.1403352916240692 sob:0.027182362973690033 si:0.027181196957826614 !:0.026620255783200264 ,:0.02436225675046444 ::0.023132996633648872 I:0.02242095023393631 m:0.0222624484449625 E:0.021324574947357178 te:0.018067460507154465 :0.6471102051436901
,:0.7327421307563782 miasta:0.19411809742450714 Miasta:0.033414341509342194 .:0.011061828583478928 ::0.0024613849818706512 Warszawy:0.0020953649654984474 ;:0.0012076987186446786 Prezydenta:0.0011419735383242369 Gminy:0.0011399734066799283 Rządu:0.0010850629769265652 :0.019532143138349056
nie:0.9506621956825256 nic:0.008673817850649357 li:0.00855843536555767 me:0.006382558960467577 jednak:0.005522359628230333 już:0.003839893965050578 jednym:0.0012704756809398532 samym:0.0011784060625359416 więc:0.001089661382138729 bowiem:0.000720743031706661 :0.012101452390197664
':0.1019134595990181 l:0.09727182984352112 ,:0.0685005933046341 o:0.047211550176143646 .:0.03909028694033623 1:0.037413861602544785 ":0.0330280065536499 I:0.03141393885016441 ):0.029137693345546722 i:0.0247577466070652 :0.4902610331773758
znajdzie:0.6100732684135437 znajduje:0.042146872729063034 ma:0.03890795260667801 o:0.03237012401223183 może:0.017624003812670708 otrzyma:0.015766942873597145 dostanie:0.010882744565606117 idzie:0.010437973774969578 dostaje:0.008615858852863312 otrzymuje:0.007687214761972427 :0.20548704359680414
gliny:0.11818244308233261 blachy:0.11741525679826736 piasku:0.10557376593351364 piaskiem:0.09709803760051727 wodą:0.05940812826156616 miedzi:0.04699664190411568 żelaza:0.03708229213953018 drutu:0.0321563221514225 siatki:0.030008111149072647 ziemi:0.029416674748063087 :0.32666232623159885
.:0.18658451735973358 I:0.052572101354599 W:0.04007235914468765 l:0.033453620970249176 l:0.030487041920423508 w:0.0301126129925251 ,:0.023799624294042587 J:0.02348189428448677 ":0.020634053274989128 1:0.016560444608330727 :0.5422417297959328
::0.07922990620136261 1:0.06918805092573166 I:0.05752148851752281 l:0.0507432259619236 ;:0.03882493078708649 .:0.037063971161842346 i:0.03452683612704277 !:0.03122480772435665 J:0.03013262152671814 ':0.02878369763493538 :0.5427604634314775
z:0.9308319091796875 Z:0.033334020525217056 I:0.005972363520413637 7:0.0040795509703457355 7.:0.0037596311885863543 2:0.0022644614800810814 ze:0.001699897926300764 z:0.0016016726149246097 l:0.0014322755159810185 .:0.0007809636881574988 :0.014243253390304744
o:0.8762831091880798 po:0.09528682380914688 poświęcony:0.008843719027936459 0:0.004873157944530249 O:0.0027001546695828438 Q:0.0011459526140242815 PO:0.0009542676853016019 towarzyszących:0.000458897789940238 dotyczący:0.0004562351095955819 poddany:0.00043339846888557076 :0.00856428369297646
b:0.6120426058769226 bę:0.16510996222496033 be:0.034970931708812714 nie:0.029418019577860832 h:0.009456051513552666 B:0.005628729704767466 wsz:0.00554517051205039 ,:0.005492308177053928 zb:0.003927235025912523 wi:0.003816417185589671 :0.12459256849251688
::0.3519746959209442 ;:0.3421471118927002 ':0.14527738094329834 ,:0.04350290074944496 !:0.0408921055495739 ):0.02922940067946911 ?:0.008720816113054752 >:0.006470811553299427 }:0.004642455838620663 ":0.0041682785376906395 :0.0229740422219038
J:0.1502707153558731 Je:0.07196678966283798 ,:0.0700489804148674 je:0.025975782424211502 i:0.02488892152905464 I:0.02478468045592308 Jen:0.021698549389839172 j:0.021449455991387367 G:0.020429577678442 C:0.01570182852447033 :0.5527847185730934
problemy:0.4247351586818695 trudności:0.28090205788612366 kłopoty:0.25460776686668396 problem:0.022779913619160652 kłopot:0.008177090436220169 trudność:0.00431154714897275 Problemy:0.0012697050115093589 problemów:0.0006891367374919355 kłopotów:0.0003798656689468771 problemach:0.00018240325152873993 :0.0019653546914923936
gdyż:0.24861514568328857 ponieważ:0.24289625883102417 że:0.19109982252120972 gdy:0.05026353895664215 albowiem:0.04618657007813454 a:0.0278997253626585 bowiem:0.0247348602861166 bo:0.021163705736398697 iż:0.020140446722507477 i:0.016944032162427902 :0.11005589365959167
Caro:0.026402069255709648 Nowak:0.02162882871925831 Klein:0.018105721101164818 Sano:0.0173482708632946 Reich:0.013729266822338104 Koch:0.013586667366325855 Miller:0.010214504785835743 Braun:0.009316729381680489 Rotter:0.008953242562711239 Rey:0.0077448682859539986 :0.8529698308557272
':0.0798817053437233 V:0.06790634244680405 i:0.06261047720909119 l:0.0458025261759758 1:0.04299356788396835 I:0.04027751460671425 .:0.03580174222588539 J:0.033768605440855026 Vi:0.02275143750011921 ,:0.022504353895783424 :0.54570172727108
dnie:0.4777112305164337 głębi:0.32178568840026855 pobliżu:0.05444762110710144 wodach:0.025455329567193985 środku:0.012490450404584408 falach:0.012480090372264385 wodzie:0.010547535493969917 dole:0.008217421360313892 powierzchni:0.006016014609485865 bliskości:0.005201136693358421 :0.06564748147502542
bilansu:0.2829035818576813 u:0.03962545469403267 a:0.032567139714956284 ru:0.02125789038836956 tu:0.02125614695250988 ra:0.017780734226107597 bu:0.01686614751815796 su:0.01564394123852253 ta:0.015350301750004292 łu:0.015295649878680706 :0.5214530117809772
\:0.999980092048645 ':1.2103813787689433e-05 ":1.2053194495820208e-06 ::1.105109049603925e-06 ,:8.372381330445933e-07 ..:6.070491167520231e-07 ;:4.556875694561313e-07 .:3.099776222370565e-07 V:2.698512844290235e-07 :3.0139053421862627e-06
przekona:0.6075162291526794 dowiemy:0.17589135468006134 dowie:0.029906874522566795 okaże:0.02966870181262493 cieszą:0.026516975834965706 przyzna:0.013330509886145592 zgodzi:0.006840390153229237 dowiem:0.004139054100960493 zrozumie:0.0032801558263599873 dziwić:0.0032219248823821545 :0.09968782914802432
':0.1398986428976059 ..:0.09417357295751572 .:0.08387112617492676 ":0.06151282787322998 ,:0.06074616685509682 ...:0.034101612865924835 ł:0.028233187273144722 ::0.028190840035676956 ....:0.02074689418077469 !:0.019041506573557854 :0.4294836223125458
się:0.9768261909484863 si:0.012050441466271877 Się:0.003052121726796031 SIĘ:0.0025113513693213463 sie:0.0018040710128843784 s:0.0015980303287506104 sią:0.00022371245722752064 S:0.00016559561481699347 i:0.00015860713028814644 ę:0.00013334487448446453 :0.0014765330706723034
W:0.04717681184411049 M:0.043024759739637375 P:0.02246205508708954 K:0.01896505616605282 Ch:0.018857888877391815 D:0.017425481230020523 T:0.017141425982117653 I:0.016884123906493187 Pr:0.016094880178570747 Wi:0.015715565532445908 :0.76625195145607
,:0.9889989495277405 .:0.006717541720718145 i:0.002546787029132247 ;:0.000784819945693016 oraz:0.000493457424454391 ):4.636281300918199e-05 ":4.528212593868375e-05 ::4.4359814637573436e-05 „:3.948744779336266e-05 j:2.1461666619870812e-05 :0.00026149048426304944
):0.13996416330337524 2:0.06285563856363297 3:0.04083971306681633 1:0.03816894814372063 5:0.03519364446401596 4:0.029442207887768745 6:0.02402537688612938 .:0.022710442543029785 I:0.0206934604793787 ":0.02027425542473793 :0.5658321492373943
w:0.30989766120910645 tym:0.09164489805698395 a:0.03272411599755287 y:0.027584336698055267 w:0.022065365687012672 by:0.01922847144305706 którego:0.01821056939661503 ym:0.01766146905720234 naszym:0.017657747492194176 na:0.01707656867802143 :0.42624879628419876
lodu:0.1612837314605713 skał:0.09348256140947342 piasku:0.07281756401062012 kamienne:0.059630267322063446 ziemi:0.05225664749741554 soli:0.051940008997917175 śniegu:0.04556489363312721 marmuru:0.037241753190755844 dymu:0.03713822737336159 lodów:0.0325629822909832 :0.35608136281371117
,:0.7534874081611633 .:0.22797343134880066 ::0.0025805982295423746 ..:0.002257290994748473 ;:0.00198140786960721 ":0.001122483517974615 polu:0.0008326360839419067 n:0.0006556517910212278 ':0.0006450609653256834 _:0.00046498922165483236 :0.007999041816219687
/:0.862657904624939 ):0.034995466470718384 ':0.027583496645092964 ::0.023871298879384995 ]:0.019851000979542732 }:0.0070173535495996475 ":0.006341331172734499 !:0.0047377836890518665 ,:0.0033950244542211294 ?:0.0024357899092137814 :0.007113549625501037
,:0.9107794165611267 ::0.02551913820207119 .:0.015313650481402874 ;:0.006053181365132332 /:0.005172595381736755 ':0.003893510904163122 2,:0.001896906876936555 5,:0.0015567204682156444 3,:0.001516925054602325 nr:0.0014735499862581491 :0.026824404718354344
sobą:0.9044263958930969 niemi:0.04656260460615158 powietrzem:0.008770925924181938 wodą:0.005519027356058359 sob:0.004230895545333624 masą:0.004005418159067631 nimi:0.0034670548047870398 siebie:0.0023914112243801355 drugim:0.0023157449904829264 drugą:0.0021378493402153254 :0.016172672156244516
225:0.006730237975716591 105:0.0066376966424286366 8:0.006298184394836426 30:0.00569365918636322 5:0.005528334062546492 65:0.005314245820045471 129:0.0052795871160924435 35:0.005156134720891714 116:0.005118903703987598 9:0.005032165441662073 :0.9432108509354293
7:0.9935083389282227 1:0.004336993675678968 VII:0.00040907887159846723 11:0.00023348791000898927 17:0.00019450629770290107 7-:0.0001400451292283833 3:0.00013173045590519905 2:0.00011318574252072722 77:0.00010883782670134678 27:9.038553253049031e-05 :0.0007334096299018711
a:0.4593672454357147 zaś:0.07750484347343445 inne:0.05912395194172859 natomiast:0.05205518379807472 specyficzne:0.017457231879234314 zaawansowane:0.015880340710282326 oraz:0.015450124628841877 indywidualne:0.01123348530381918 kobiece:0.010367936454713345 i:0.007277105003595352 :0.2742825513705611
nabywców:0.24008172750473022 klienta:0.18814043700695038 nas:0.07089070230722427 transport:0.05005042254924774 sprzedaż:0.04701443389058113 klientów:0.04092428833246231 sklepy:0.024759799242019653 zakup:0.023417750373482704 zamówienie:0.02269856072962284 kupca:0.019384119659662247 :0.2726377584040165
':0.8936988711357117 ":0.019320618361234665 ,:0.018059447407722473 ):0.013782327063381672 ::0.005947421304881573 >:0.00509533891454339 ;:0.004867791663855314 !:0.004104564432054758 l:0.003965136595070362 1:0.0034229077864438295 :0.027735575335100293
pracownicy:0.4036787748336792 pracodawcy:0.25859400629997253 wnioskodawcy:0.11195908486843109 zainteresowani:0.024387003853917122 dyrektorzy:0.021716846153140068 autorzy:0.01696615107357502 związku:0.011588074266910553 działacze:0.00998001266270876 ministrowie:0.008325207978487015 inspektorzy:0.007254564668983221 :0.12555027334019542
ch:0.21096791326999664 j:0.0950508862733841 h:0.050972405821084976 i:0.04416981339454651 ':0.034695111215114594 ej:0.034394171088933945 .:0.027326399460434914 nych:0.022557709366083145 a:0.022409973666071892 !:0.022000323981046677 :0.4354552924633026
