n:0.043875664472579956 ':0.035856373608112335 ,:0.027577167376875877 ,:0.023982910439372063 ni:0.020746812224388123 ':0.020324163138866425 i:0.016706915572285652 ny:0.013955928385257721 \:0.012274520471692085 z:0.011464332230389118 :0.7732352120801806
Pracy:0.3689415454864502 Wsi:0.15520456433296204 Społecznej:0.1357097178697586 Zdrowia:0.061738695949316025 Serca:0.04347589612007141 ,:0.033052898943424225 Morskiej:0.026522355154156685 Rehabilitacji:0.017810849472880363 Medycznej:0.008324350230395794 ,:0.006318262778222561 :0.1429008636623621
Oxford:0.12451083958148956 London:0.10008333623409271 British:0.0784914642572403 Harper:0.05491326376795769 BBC:0.03764639422297478 Cambridge:0.03538548946380615 Brown:0.02422802336513996 International:0.02415083348751068 Collins:0.022172072902321815 Columbia:0.018493440002202988 :0.47992484271526337
.:0.9804319143295288 ,:0.00225204904563725 m:0.0019470499828457832 ':0.0012231140863150358 i:0.0010484872618690133 ::0.000565923925023526 -:0.0005022556870244443 ':0.00041955828783102334 ;:0.00039863126585260034 :0.011211016128072515
i:0.18213056027889252 i:0.06937748938798904 ,:0.03479086980223656 l:0.03416607528924942 ,:0.020119305700063705 l:0.019360488280653954 ;:0.016614431515336037 ':0.016039958223700523 j:0.012601379305124283 I:0.01251937448978424 :0.5822800677269697
poziomie:0.08214382827281952 wysokim:0.059102028608322144 bardzo:0.02677323669195175 najwyższym:0.022126218304038048 pozycji:0.013552523218095303 polu:0.011587534099817276 ':0.011443210765719414 tak:0.010928376577794552 ":0.010357185266911983 .:0.009812477976083755 :0.7421733802184463
):0.28996559977531433 ):0.22758552432060242 prawda:0.14393940567970276 kłamie:0.043469108641147614 ?):0.011653072200715542 fałsz:0.011191141791641712 fakt:0.010613765567541122 prawdziwa:0.008548431098461151 jest:0.00737796351313591 :0.24565598741173744
,:0.06875098496675491 ":0.05311453714966774 ':0.036527615040540695 (:0.03256063535809517 ,:0.023561229929327965 l:0.023206988349556923 i:0.02199237421154976 w:0.019371921196579933 ^:0.018965428695082664 p:0.0180657971650362 :0.683882487937808
':0.07991108298301697 l:0.0308317169547081 t:0.027637189254164696 :0.023624420166015625 1:0.023018736392259598 ,:0.019095364958047867 i:0.019029119983315468 `:0.01571306772530079 1:0.015099641866981983 ':0.014378324151039124 :0.7316613355651498
no:0.0946999341249466 n:0.04636317864060402 członko:0.035980530083179474 19:0.02757999673485756 t:0.02297743409872055 o:0.021647870540618896 l:0.012560121715068817 11:0.011692825704813004 s:0.009759943932294846 ży:0.009692501276731491 :0.7070456631481647
(:0.45473018288612366 można:0.07856114953756332 trudno:0.044466279447078705 niepodobna:0.03416896611452103 trudno:0.024629296734929085 nie:0.024284757673740387 należy:0.021794723346829414 (:0.019937384873628616 trzeba:0.01476277969777584 :0.28266447968780994
l:0.0479336753487587 .:0.04428981989622116 kla:0.03415640443563461 ,:0.028961913660168648 1:0.025977563112974167 ,:0.024525029584765434 t:0.014888991601765156 w:0.014563187025487423 ':0.014313033781945705 war:0.01373848132789135 :0.7366519002243876
bitwy:0.3786343038082123 kampanii:0.03005055896937847 walk:0.016207830980420113 zwycięstwa:0.014542869292199612 ku:0.01405915804207325 i:0.013966720551252365 cia:0.013414625078439713 twy:0.01141092274338007 ki:0.011371303349733353 prawy:0.010899774730205536 :0.48544193245470524
,:0.056529074907302856 ,:0.04486662149429321 l:0.03249986469745636 ":0.02758006379008293 i:0.02160753682255745 l:0.0208392646163702 w:0.018762679770588875 ":0.01738816127181053 y:0.01608976349234581 I:0.015850864350795746 :0.727986104786396
ek:0.2980940341949463 t:0.023614902049303055 k:0.023143794387578964 c:0.017201798036694527 nik:0.013119364157319069 ór:0.012988103553652763 nie:0.011943517252802849 ków:0.011371484026312828 ony:0.010122623294591904 enia:0.007999288849532604 :0.5704010901972651
stanie:0.04700469225645065 c:0.03605838119983673 y:0.02055351994931698 i:0.016879621893167496 u:0.015148121863603592 s:0.014752183109521866 l:0.014635300263762474 nim:0.013821146450936794 l:0.012964018620550632 w:0.009777741506695747 :0.798405272886157
to:0.5400922298431396 To:0.23314790427684784 jednak:0.021440185606479645 takie:0.01403268612921238 co:0.010038153268396854 Wszystko:0.00871680025011301 Takie:0.008463886566460133 często:0.00818970613181591 oczywiście:0.00796800572425127 Powyższe:0.0071082934737205505 :0.14080214872956276
.:0.3533651828765869 ,:0.3459308445453644 •:0.0479525662958622 ::0.04777992516756058 -:0.027199679985642433 ':0.016517937183380127 ;:0.014498252421617508 ..:0.012221287935972214 i:0.009583070874214172 ...:0.009151069447398186 :0.11580018326640129
::0.05888797342777252 ,:0.04059290140867233 i:0.04024364426732063 ':0.03347169980406761 i:0.030959922820329666 ;:0.02813907340168953 -:0.0215916708111763 e:0.020833494141697884 t:0.01873129792511463 ::0.018585067242383957 :0.6879632547497749
ciężkich:0.5263400077819824 nocnych:0.04320939630270004 lokalnych:0.03374586999416351 bezpośrednich:0.03365549445152283 krótkich:0.030877772718667984 dotychczasowych:0.024399321526288986 gwałtownych:0.020680319517850876 drobnych:0.019696185365319252 tych:0.018755557015538216 wielu:0.01717083342373371 :0.23146924190223217
,:0.9194197058677673 ,:0.018987497314810753 ,,:0.005638176575303078 „:0.005364369601011276 -:0.004980235360562801 ":0.003698586719110608 ::0.003045361489057541 .:0.0029252900276333094 ':0.0027687770780175924 (:0.002666162559762597 :0.03050583740696311
ni:0.09648363292217255 n:0.06484799087047577 ne:0.03385030850768089 le:0.020549073815345764 i:0.01777562126517296 te:0.016794826835393906 ber:0.01518009789288044 t:0.014872808940708637 ,:0.014117622748017311 nen:0.012734193354845047 :0.6927938228473067
':0.055461760610342026 [:0.04777209833264351 ,:0.034012649208307266 i:0.03337906301021576 (:0.018545692786574364 \:0.017326992005109787 ;:0.014597888104617596 <:0.014104649424552917 ":0.013916841708123684 k:0.013606012798845768 :0.7372763520106673
i:0.9570519328117371 ,:0.0023825380485504866 _:0.002022753469645977 f:0.0011891219764947891 t:0.0006315548671409488 ;:0.000612043309956789 r:0.0005511771887540817 1:0.0005331168649718165 i:0.00046539827599190176 :0.03456036318675615
odpowiedź:0.17128004133701324 odpowiedzi:0.08051463961601257 lekarstwo:0.06242186948657036 sposób:0.05974370613694191 środki:0.05725640431046486 wytłumaczenie:0.04585420712828636 lekarstwa:0.027864811941981316 wyraz:0.015254351310431957 dowody:0.01428316067904234 radę:0.013870117254555225 :0.45165669079869986
.:0.06826286017894745 z:0.044453173875808716 .:0.03091645985841751 podpisany:0.01708289235830307 dn:0.015063254162669182 ,:0.013985239900648594 nr:0.01094877440482378 1:0.007838808000087738 Z:0.0069906753487885 :0.7844578619115055
':0.1332370638847351 ,:0.07876475900411606 ::0.05896243453025818 ":0.041890449821949005 n:0.04049832746386528 -:0.03725458309054375 ':0.03631967306137085 ;:0.0286400206387043 \:0.026664214208722115 /:0.02576000988483429 :0.49200846441090107
tylko:0.04248102754354477 łoby:0.036520976573228836 się:0.03230254352092743 jedynie:0.02730717696249485 dopiero:0.025992609560489655 już:0.024531280621886253 na:0.02418666146695614 dwa:0.023187195882201195 do:0.022261977195739746 i:0.015160545706748962 :0.7260680049657822
,:0.03631722182035446 i:0.03398418799042702 ::0.033775947988033295 ie:0.03185931220650673 ':0.030968284234404564 .:0.028395339846611023 ,:0.020350737497210503 ::0.019437948241829872 ':0.015099848620593548 n:0.013469411060214043 :0.736341760493815
::0.16106411814689636 ':0.03608996793627739 ;:0.033854275941848755 ,:0.03291994705796242 ":0.031019536778330803 ::0.02632264979183674 i:0.02410549856722355 :0.023464132100343704 ,:0.018765004351735115 a:0.012929769232869148 :0.599465100094676
i:0.07775114476680756 o:0.027238639071583748 me:0.024956680834293365 na:0.017577633261680603 -:0.014210154302418232 to:0.011349957436323166 nak:0.011038104072213173 a:0.010830091312527657 sze:0.009928928688168526 lo:0.009337822906672955 :0.785780843347311
Człowieka:0.41124722361564636 nej:0.21514375507831573 niczej:0.03630519658327103 i:0.02792195789515972 d:0.018101349472999573 nej:0.013894479721784592 Obywatelskich:0.011995302513241768 dy:0.010858898982405663 Zagranicznych:0.010188518092036247 na:0.01001974567770958 :0.23432357236742973
pisma:0.9991156458854675 dokumentu:0.00047082063974812627 pism:5.6190547184087336e-05 wniosku:5.481743937707506e-05 środka:5.4139334679348394e-05 pełnomocnictwa:4.699698547483422e-05 papieru:2.4661401766934432e-05 listu:2.304854933754541e-05 wezwania:2.0211877199471928e-05 postanowienia:9.905686965794303e-06 :0.00012356165279925335
.:0.4220521152019501 ,:0.23375602066516876 (:0.05126986652612686 ::0.02985580824315548 .:0.027557682245969772 -:0.02076711878180504 „:0.018083060160279274 ":0.014527389779686928 ;:0.011870566755533218 ':0.011453838087618351 :0.15880653355270624
w:0.9989436268806458 na:0.0005328910774551332 W:0.0001472004223614931 we:0.0001257953408639878 z:0.0001162345361080952 w:2.4316914277733304e-05 do:7.90029935160419e-06 przy:4.710713710665004e-06 Warszawa:4.088455625606002e-06 Policji:4.033500772493426e-06 :8.920185882743681e-05
bie:0.132973775267601 ::0.0721319168806076 -:0.03560981526970863 ':0.028924468904733658 ,:0.026134517043828964 die:0.024250388145446777 *:0.017863014712929726 ist:0.0156828872859478 und:0.014093500562012196 ...:0.013083189725875854 :0.6192525262013078
Rusi:0.2704467177391052 Ukrainie:0.10324957966804504 Wołyniu:0.06196797639131546 nowo:0.04029058292508125 wschodzie:0.0391075499355793 Wschodzie:0.033608321100473404 Litwie:0.027452558279037476 Węgrzech:0.014975443482398987 Ukrainę:0.014197299256920815 wschód:0.013657446019351482 :0.38104652520269156
,:0.03295959159731865 o:0.03256016597151756 i:0.022968942299485207 y:0.022146599367260933 a:0.018222961574792862 ,:0.015374407172203064 -:0.014618840999901295 ;:0.0127528952434659 w:0.012554917484521866 :0.8158406782895327
osłabienie:0.4080154597759247 dreszcze:0.14274989068508148 zmęczenie:0.06046232581138611 słabość:0.05713331699371338 mdłości:0.05032111704349518 pragnienie:0.04737205430865288 gorączka:0.022986585274338722 poty:0.020017310976982117 głód:0.01910710334777832 głowy:0.010660720057785511 :0.16117411572486162
::0.0911283865571022 ,:0.040052980184555054 ;:0.03908144682645798 jest:0.02987658418715 ,:0.027005713433027267 i:0.024325374513864517 wraz:0.011739326640963554 ::0.011141164228320122 _:0.010340404696762562 y:0.010192019864916801 :0.7051165988668799
l:0.044118884950876236 i:0.030388787388801575 ,:0.028765708208084106 l:0.027007965371012688 I:0.026732444763183594 1:0.020927179604768753 i:0.01857597567141056 ':0.015854300931096077 n:0.015557114966213703 :0.7720716381445527
,:0.7411085963249207 ,:0.11983869969844818 i:0.052990783005952835 -:0.0210597924888134 oraz:0.020269043743610382 ::0.017449593171477318 ::0.008026272989809513 ;:0.0028016967698931694 .:0.0016407505609095097 ;:0.0011252554832026362 :0.013689515762962401
która:0.9646137356758118 gdyż:0.006619193125516176 ponieważ:0.00655619241297245 chociaż:0.0016813224647194147 bowiem:0.001450344454497099 jaka:0.0012740874662995338 a:0.0011104927398264408 ale:0.0010357231367379427 choć:0.000937591481488198 które:0.0008745099767111242 :0.013846807065419853
«:0.8450080752372742 »:0.036252282559871674 «:0.02436269074678421 „:0.011288072913885117 ":0.008031856268644333 •:0.005988005083054304 ,:0.005342741496860981 *:0.0039165872149169445 >:0.0028157143387943506 :0.05699397413991392
,:0.4797962009906769 i:0.2738383412361145 ,:0.06837796419858932 a:0.055647220462560654 .:0.015003322623670101 ':0.012100405991077423 ;:0.006520997267216444 ;:0.005070045590400696 1:0.004983213264495134 -:0.004943485837429762 :0.07371880253776908
partii:0.32620012760162354 komunistów:0.11313389986753464 partyj:0.10361393541097641 robotników:0.07263585925102234 polityczne:0.06976281851530075 komunistyczne:0.0625271201133728 Partii:0.025249965488910675 kobiet:0.012032760307192802 wojskowe:0.010965151712298393 zawodowe:0.010767977684736252 :0.1931103840470314
,:0.3520978093147278 ":0.2644626200199127 ,:0.07447043061256409 „:0.04209301248192787 ::0.031356945633888245 ":0.025500215590000153 -:0.02240317314863205 ':0.01901773363351822 ;:0.01171923615038395 -:0.011427328921854496 :0.14545149449259043
,:0.0755588635802269 ,:0.06420625746250153 ::0.048107486218214035 ;:0.035050246864557266 -:0.03492901846766472 ':0.034925587475299835 i:0.03084351122379303 z:0.02797774411737919 l:0.02409510314464569 w:0.022612687200307846 :0.60169349424541
,:0.16084924340248108 ':0.07636743038892746 i:0.04783251881599426 ':0.028469720855355263 ):0.022518565878272057 ;:0.019865555688738823 ":0.019251637160778046 ,:0.01857910305261612 j:0.018529096618294716 -:0.015122518874704838 :0.5726146092638373
z:0.07319474965333939 o:0.041064172983169556 w:0.04092678427696228 a:0.03505286946892738 ,:0.03306138142943382 dla:0.03289280831813812 ':0.03236488625407219 ,:0.026830971240997314 na:0.024083834141492844 i:0.022950205951929092 :0.637577336281538
Dąbrowski:0.13918067514896393 Jankowski:0.08263296633958817 Górski:0.057224974036216736 Zieliński:0.04313524439930916 Potocki:0.03740321099758148 Kot:0.03548614680767059 Kozłowski:0.03099028952419758 Nowak:0.02684173546731472 Wojciechowski:0.026545267552137375 Grabowski:0.02192012406885624 :0.498639365658164
naukowej:0.7151843905448914 międzynarodowej:0.10374712198972702 ,:0.023980306461453438 technicznej:0.016841256991028786 morskiej:0.01547951065003872 gospodarczej:0.01046697050333023 naukowców:0.008977310732007027 prowadzonej:0.006723066791892052 rządowej:0.006154459901154041 ekspertów:0.004458005540072918 :0.08798759989440441
ukrycia:0.5452036261558533 schronienia:0.06020766869187355 umocnienia:0.04560256376862526 znalezienia:0.04513097554445267 utrzymania:0.03769885003566742 zaopatrzenia:0.021741900593042374 poruszania:0.01862991973757744 zatrzymania:0.015594379045069218 zamknięcia:0.01551060937345028 umieszczenia:0.013080563396215439 :0.18159894365817308
':0.20108681917190552 ::0.1507016122341156 ,:0.08962439000606537 •:0.06043292209506035 ":0.050202760845422745 ;:0.048092860728502274 1:0.02540382370352745 i:0.022675100713968277 -:0.016182493418455124 ,,:0.014742604456841946 :0.32085461262613535
,:0.10796729475259781 b:0.026640646159648895 ber:0.02224201150238514 en:0.02137349732220173 ::0.019480789080262184 &:0.013643809594213963 =:0.013127492740750313 .:0.012128148227930069 i:0.011961099691689014 :0.7514352109283209
zakłada:0.29601749777793884 sugeruje:0.0977921262383461 wskazuje:0.0809069275856018 oznacza:0.059275247156620026 dowodzi:0.05391136556863785 głosi:0.04542095586657524 sprawia:0.03581584617495537 uczy:0.03515065088868141 mówi:0.03307903930544853 stwierdza:0.03186378255486488 :0.23076656088232994
przez:0.48124203085899353 go:0.2619398534297943 na:0.029596973210573196 je:0.020627936348319054 ich:0.016729053109884262 jego:0.0096275070682168 jej:0.006491840351372957 ,:0.006442223209887743 w:0.004694273695349693 we:0.004645893350243568 :0.15796241536736488
r:0.30920836329460144 t:0.1454933136701584 n:0.13594642281532288 d:0.11329734325408936 k:0.0995618924498558 w:0.035258036106824875 c:0.027526162564754486 f:0.026651397347450256 m:0.026358086615800858 l:0.0208052396774292 :0.05989374220371246
z:0.9619816541671753 Z:0.007807403802871704 /:0.0027582740876823664 2:0.002602196065708995 i:0.001379253575578332 1:0.0013646285515278578 7:0.0010479086777195334 %:0.00083853246178478 ze:0.0007445071823894978 l:0.0006059100851416588 :0.018869731342419982
się:0.9030025005340576 ,:0.0076845623552799225 sie:0.007475373800843954 si:0.00711459293961525 ,:0.004627324640750885 go:0.004202656447887421 ::0.002118462696671486 na:0.0020715328864753246 s:0.0019281686982139945 sąd:0.0011901531834155321 :0.058584671816788614
ma:0.4781213700771332 czuje:0.1348274052143097 trzyma:0.06557303667068481 rozwija:0.03883058577775955 zachowuje:0.021599290892481804 robi:0.01843683421611786 znosi:0.018056970089673996 nadaje:0.017427464947104454 zbiera:0.015010355040431023 pali:0.011226099915802479 :0.18089058715850115
było:0.3634897470474243 jest:0.2057153582572937 o:0.09286902099847794 na:0.08671200275421143 za:0.018599752336740494 i:0.01589478924870491 będzie:0.01481300126761198 spowodowała:0.013104994781315327 przez:0.008138208650052547 jest:0.006483780685812235 :0.17417934397235513
,:0.12203951925039291 ,:0.11400170624256134 i:0.0924249067902565 rz:0.026874616742134094 ':0.02105606347322464 niu:0.020064758136868477 k:0.018415268510580063 k:0.01331064011901617 c:0.011449532583355904 nie:0.010004982352256775 :0.5503580057993531
i:0.09483613818883896 ,:0.05433712527155876 -:0.05337708815932274 o:0.031953658908605576 oraz:0.03071708045899868 ;:0.026959381997585297 ':0.019366977736353874 z:0.019102266058325768 *:0.01688634790480137 ;:0.016855569556355476 :0.6356083657592535
,:0.2972800135612488 ,:0.12954187393188477 .:0.0859011709690094 .:0.061387933790683746 i:0.034960079938173294 ::0.029002029448747635 ':0.023607511073350906 ;:0.023602306842803955 ":0.02291046269237995 ;:0.018974650651216507 :0.27283196710050106
,:0.08787620812654495 m:0.054601263254880905 ,:0.036334529519081116 i:0.02879282832145691 Polskiemu:0.026553746312856674 w:0.022460434585809708 mu:0.01843247003853321 Polskim:0.018144747242331505 W:0.016063032671809196 ":0.01601753942668438 :0.6747232005000114
ą:0.9965505599975586 ę:0.002218959154561162 a:0.0005674830172210932 są:0.0002265084913233295 Ą:0.00017310689145233482 ją:3.874061440001242e-05 ó:2.441276410536375e-05 y:2.377280907239765e-05 ą:2.3683922336203977e-05 u:1.9359880752745084e-05 :0.00013341245721676387
e:0.03930647671222687 i:0.037737201899290085 i:0.02370181865990162 ,:0.02181563712656498 y:0.01778249442577362 ne:0.01729178987443447 e:0.012103523127734661 ie:0.011520825326442719 we:0.010817746631801128 y:0.01073932833969593 :0.7971831578761339
opisał:0.7141882181167603 opisuje:0.1053449735045433 przedstawił:0.04255291074514389 określił:0.016559116542339325 ujął:0.013706927187740803 przedstawia:0.010901904664933681 zaprezentował:0.007493562996387482 omawia:0.006877030245959759 wyjaśnił:0.00601622462272644 wyraził:0.005721482448279858 :0.0706376489251852
,:0.30029699206352234 ,:0.16858328878879547 i:0.0545482374727726 z:0.021563788875937462 lub:0.017371363937854767 -:0.01690199412405491 a:0.01414253655821085 jest:0.01348263118416071 t:0.012589278630912304 o:0.01190003752708435 :0.36861985083669424
osób:0.2651030719280243 ludzi:0.1745639443397522 kroków:0.0784069299697876 dusz:0.04910559207201004 postaci:0.04538026452064514 głosów:0.0322280153632164 przechodniów:0.03082118183374405 mężczyzn:0.030706409364938736 par:0.01726251095533371 kobiet:0.015937797725200653 :0.2604842819273472
się:0.9406434297561646 si:0.01586426980793476 sie:0.00941428542137146 s:0.007420825771987438 sit:0.004248015582561493 Się:0.0013740481808781624 społecznym:0.001100053428672254 ':0.001094178413040936 m:0.0009734785999171436 ,:0.0009681780356913805 :0.01689923700178042
,:0.2336246818304062 ':0.08435799926519394 .:0.07019389420747757 ":0.043157897889614105 -:0.027576809749007225 ;:0.02441246062517166 •:0.02374722808599472 i:0.014647679403424263 ::0.01302564237266779 r:0.012129196897149086 :0.45312650967389345
odpowiednimi:0.2085067182779312 .:0.18156783282756805 tymi:0.07626665383577347 takimi:0.05660537630319595 podobnymi:0.0443001352250576 innymi:0.028199540451169014 ,:0.021588841453194618 różnymi:0.021031277254223824 określonymi:0.018839839845895767 ich:0.012414667755365372 :0.3306791167706251
do:0.13584323227405548 dla:0.08459638804197311 kolejowe:0.07930029928684235 z:0.07820358872413635 wszystkich:0.056968916207551956 w:0.043240007013082504 i:0.040375906974077225 komunikacyjne:0.01646560989320278 oraz:0.010957962833344936 różnych:0.010630732402205467 :0.44341735634952784
O:0.03181632608175278 I:0.02090451493859291 V:0.017716441303491592 P:0.012720336206257343 \:0.012458086013793945 A:0.012403197586536407 S:0.01083943247795105 i:0.010299424640834332 l:0.009015966206789017 ':0.008198755793273449 :0.8536275187507272
K:0.5186184048652649 G:0.10428287833929062 M:0.05826199799776077 B:0.05537090823054314 W:0.05266626551747322 T:0.04996299371123314 P:0.033807557076215744 D:0.02764296531677246 H:0.02742026373744011 F:0.013729698956012726 :0.05823606625199318
10:0.19983644783496857 11:0.12486686557531357 13:0.06891287118196487 12:0.056840408593416214 16:0.041421666741371155 15:0.038237858563661575 17:0.03577929362654686 14:0.03024367429316044 18:0.02833518572151661 19:0.015691347420215607 :0.35983438044786453
':0.04742535576224327 ,:0.04493295028805733 ::0.033000797033309937 i:0.02597428672015667 w:0.02508251927793026 ,:0.019380254670977592 *:0.016761627048254013 ;:0.016461804509162903 o:0.014156833291053772 do:0.011523711495101452 :0.7452998599037528
10:0.0643661692738533 8:0.05563398823142052 6:0.04390028119087219 12:0.043290622532367706 7:0.04039650037884712 9:0.04012947902083397 15:0.03580918535590172 5:0.035098761320114136 20:0.03407229483127594 11:0.03304954990744591 :0.5742531679570675
,:0.027847908437252045 n:0.019656317308545113 y:0.017936579883098602 ,:0.015979085117578506 bił:0.015213129110634327 l:0.012203720398247242 niósł:0.011438867077231407 ':0.010809546336531639 r:0.010713445954024792 i:0.01056819036602974 :0.8476332100108266
,:0.30086076259613037 w:0.23074373602867126 o:0.049255821853876114 ,:0.046148303896188736 z:0.04058437421917915 i:0.03965134918689728 na:0.02806517668068409 .:0.02250397391617298 jako:0.012932142242789268 .:0.010675383731722832 :0.2185789756476879
metalowych:0.6895087957382202 żelaznych:0.06941810995340347 drewnianych:0.04992346838116646 stalowych:0.028451718389987946 mechanicznych:0.017699262127280235 przemysłowych:0.009652388282120228 elektrycznych:0.008669458329677582 budowlanych:0.007979554124176502 górniczych:0.006220697890967131 chemicznych:0.005924937780946493 :0.10655160900205374
sik:0.315986305475235 prędzej:0.1472988873720169 innego:0.09275895357131958 takiego:0.06547828018665314 najprędzej:0.055905263870954514 trzeba:0.029400669038295746 nieco:0.024451538920402527 lepszego:0.0244252011179924 ś:0.02235121838748455 nowego:0.010479103773832321 :0.21146457828581333
\:0.6093685030937195 a:0.04416794329881668 1:0.0198892280459404 /:0.0195462629199028 v:0.018855324015021324 \:0.01600615121424198 i:0.014548160135746002 ,:0.01433569099754095 ):0.010615347884595394 ^:0.009877311997115612 :0.22279007639735937
który:0.08083366602659225 a:0.06376875191926956 którego:0.030659878626465797 jako:0.015756020322442055 cała:0.01487174816429615 i:0.013260929845273495 która:0.012863037176430225 że:0.011029875837266445 ,:0.010996297933161259 Nowa:0.009081428870558739 :0.736878365278244
i:0.7327556610107422 i:0.015370244160294533 1:0.013645840808749199 ':0.008367972448468208 l:0.006493811029940844 l:0.005265839397907257 n:0.0052436040714383125 m:0.004994900897145271 r:0.00429281871765852 :0.20356930745765567
aby:0.34692561626434326 by:0.1607993096113205 żeby:0.0366879440844059 ażeby:0.025280436500906944 Aby:0.023862920701503754 Chcemy:0.022830607369542122 By:0.021960042417049408 chcemy:0.018517693504691124 mamy:0.017243968322873116 Prosimy:0.01601683534681797 :0.3098746258765459
c:0.03341565281152725 ::0.029270218685269356 ::0.024513065814971924 ':0.02313985675573349 E:0.02106381580233574 ?:0.018554499372839928 g:0.01638719066977501 <:0.01272375974804163 l:0.012124481610953808 -:0.011745310388505459 :0.7970621483400464
':0.10909195244312286 ,:0.04384821653366089 i:0.03375201299786568 ":0.02257956750690937 t:0.021664541214704514 /:0.01984293945133686 f:0.019298799335956573 \:0.018717993050813675 a:0.01669401116669178 ^:0.015295330435037613 :0.6792146358639002
':0.6634257435798645 -:0.03486184403300285 -:0.030504750087857246 i:0.018267616629600525 ,:0.014523878693580627 ":0.013110574334859848 ;:0.009111635386943817 i:0.00797916017472744 ':0.007734478451311588 :0.20048031862825155
y:0.06724406778812408 ":0.04188080504536629 e:0.04076451435685158 ":0.021875260397791862 i:0.021450353786349297 nia:0.01960451900959015 y:0.0188570786267519 a:0.018234236165881157 ki:0.016650965437293053 e:0.01522439531981945 :0.7182138040661812
do:0.726481556892395 na:0.20490571856498718 o:0.0310974083840847 do:0.009712751023471355 z:0.008147085085511208 od:0.0014102827990427613 o:0.00138060562312603 dn:0.0012376307277008891 przed:0.0009337930241599679 n:0.0008530408958904445 :0.01384012697963044
,:0.6883211731910706 .:0.06130874529480934 i:0.02700175531208515 oraz:0.025166047737002373 ::0.02255188301205635 ;:0.016207056120038033 ':0.015345731750130653 -:0.008262619376182556 z:0.007590091321617365 j:0.005278769414871931 :0.12296612747013569
of:0.6732729077339172 and:0.15311597287654877 to:0.09174031019210815 for:0.01919657550752163 in:0.013204149901866913 on:0.00815586093813181 by:0.0077023375779390335 or:0.003916001878678799 with:0.0031915120780467987 from:0.0021997473668307066 :0.024304623948410153
którymi:0.08373478800058365 którym:0.04923485592007637 tymi:0.04795684292912483 nimi:0.04257639870047569 tym:0.02054360881447792 ,:0.014896671287715435 i:0.014844879508018494 tą:0.014762754552066326 którą:0.014425025321543217 dwoma:0.01113766897469759 :0.6858865059912205
':0.05427363142371178 zajął:0.051062677055597305 i:0.04856272414326668 I:0.024042723700404167 1:0.021302884444594383 \:0.020949646830558777 ,:0.020696159452199936 ,:0.0182576272636652 na:0.01729985885322094 j:0.015319432131946087 :0.7082326347008348
silny:0.20652425289154053 ogromny:0.1157396137714386 duży:0.08628412336111069 ciągły:0.07225470244884491 głęboki:0.048833124339580536 wielki:0.042225129902362823 ono:0.028827620670199394 pewien:0.028123974800109863 poważny:0.018848763778805733 często:0.017606686800718307 :0.3347320072352886
jeśli:0.4892936050891876 jak:0.1895877867937088 jeżeli:0.1660928577184677 gdy:0.07771530747413635 kiedy:0.03645723685622215 skoro:0.0073312753811478615 że:0.005753516685217619 mnie:0.003617571434006095 Jeśli:0.002683550352230668 nas:0.001963503658771515 :0.0195037885569036
I:0.1356140524148941 i:0.10206136107444763 ,:0.0831402838230133 l:0.03877456486225128 ,:0.024087296798825264 pani:0.01935243420302868 w:0.016664475202560425 pan:0.015981366857886314 1:0.01303202286362648 -:0.01257268525660038 :0.5387194566428661
l:0.04242554306983948 ':0.0319870263338089 ":0.031682126224040985 ':0.02886919490993023 ,:0.026561535894870758 ,:0.022694772109389305 c:0.0173923559486866 ;:0.01676880568265915 i:0.014241303317248821 ::0.01409150380641222 :0.7532858327031136
c:0.182160422205925 c:0.13677291572093964 d:0.05690239369869232 d:0.028387408703565598 s:0.01995535008609295 g:0.015579601749777794 m:0.013783595524728298 ci:0.011389023624360561 ::0.010809618048369884 r:0.009728169068694115 :0.5145315015688539
(:0.9778972268104553 (,:0.005197194404900074 (:0.003487714333459735 ,:0.0017052317271009088 (19:0.0010279739508405328 (1:0.0008584425668232143 {:0.000770938175264746 (2:0.0006510581588372588 <:0.0006060651503503323 (3:0.0004983688122592866 :0.007299785909708589
-:0.03624596819281578 :0.03580452874302864 in:0.022357383742928505 und:0.020724225789308548 ,:0.020698806270956993 ä:0.015543296001851559 von:0.012924489565193653 un:0.012899111025035381 v:0.012621819041669369 –:0.012046649120748043 :0.7981337225064635
tak:0.6142229437828064 nie:0.01974007859826088 Tak:0.016909833997488022 ,:0.012853410094976425 tu:0.011377721093595028 ::0.011205448769032955 k:0.01060413010418415 ':0.010423134081065655 t:0.00946028996258974 do:0.008807394653558731 :0.274395614862442
i:0.2651771008968353 ,:0.05019042268395424 j:0.04622709006071091 I:0.029993342235684395 n:0.024960722774267197 1:0.024544138461351395 y:0.02297365479171276 t:0.022620394825935364 o:0.022054076194763184 a:0.0195620059967041 :0.47169705107808113
nich:0.9925157427787781 ich:0.001420418149791658 poetów:0.001349287573248148 nikogo:0.0011818859493359923 niego:0.0004524955584201962 których:0.00037740706466138363 tych:0.0002537572872824967 ludzi:0.00024004325678106397 niej:0.00021314328478183597 wszystkich:0.00017054015188477933 :0.0018252789450343698
wykonania:0.35491010546684265 realizacji:0.14178414642810822 podjętych:0.07760274410247803 wykonywania:0.05774100497364998 naruszenia:0.04834933951497078 wypełnienia:0.039042919874191284 spełnienia:0.03849058970808983 podjęcia:0.03052613139152527 zrealizowania:0.02123885229229927 przejęcia:0.02111344039440155 :0.16920072585344315
m:0.04795908182859421 j:0.04022419452667236 c:0.022722618654370308 ,:0.014195185154676437 mnie:0.013150704093277454 am:0.013121791183948517 O:0.012227611616253853 w:0.01132888812571764 i:0.008610676974058151 wiam:0.008586970157921314 :0.8078722776845098
,:0.6082746386528015 ,:0.21366626024246216 Warszawy:0.04359404742717743 Miasta:0.008695143274962902 Krakowa:0.006275599822402 ::0.005576441064476967 ':0.005498878657817841 i:0.004919164814054966 -:0.0046905530616641045 Lubelskiego:0.004364319145679474 :0.09444495383650064
nie:0.34822583198547363 li:0.1687517613172531 jednak:0.06526318192481995 więc:0.05265090614557266 już:0.04763104021549225 właściwie:0.030872920528054237 przecież:0.02547401376068592 oczywiście:0.015608884394168854 początkowo:0.008819203823804855 jednym:0.008103962056338787 :0.22859829384833574
\:0.36876463890075684 \:0.05611581355333328 ':0.04553746059536934 /:0.031201746314764023 ^:0.030106978490948677 ,:0.029069580137729645 ":0.017424151301383972 t:0.016550542786717415 -:0.016490278765559196 l:0.014327152632176876 :0.37441165652126074
może:0.1203165128827095 się:0.09628405421972275 sobie:0.035224732011556625 i:0.031199201941490173 ma:0.02803279273211956 o:0.02651192434132099 idzie:0.02537846751511097 znajdzie:0.023487500846385956 je:0.02217908576130867 jest:0.021628087386488914 :0.5697576403617859
piaskiem:0.1444222331047058 piasku:0.10980004072189331 gliny:0.06048648804426193 drewna:0.05613977462053299 cegły:0.05269408971071243 kory:0.04427598789334297 metalu:0.044254373759031296 blachy:0.04402000457048416 cegieł:0.029920032247900963 kamienia:0.029733771458268166 :0.38425320386886597
,:0.03759516775608063 ,:0.03663860261440277 i:0.034397490322589874 I:0.022915897890925407 w:0.019030040130019188 w:0.016412651166319847 ::0.016343925148248672 ':0.01612190157175064 i:0.014440488070249557 -:0.012983760796487331 :0.7731200745329261
::0.3025103807449341 ':0.08934364467859268 ,:0.06460534036159515 ;:0.056093864142894745 i:0.032198913395404816 -:0.024289118126034737 ":0.023663688451051712 1:0.022326093167066574 ::0.01642603427171707 I:0.01422628853470087 :0.35431663412600756
z:0.8125894069671631 Z:0.023247649893164635 ze:0.01987375319004059 i:0.013561270199716091 ,:0.008492060005664825 ':0.005309747066348791 ::0.00507139228284359 r:0.004175609443336725 ;:0.003851847257465124 a:0.003280919510871172 :0.10054634418338537
o:0.8222638964653015 po:0.14709517359733582 poświęcony:0.011524285189807415 O:0.0023897746577858925 na:0.0016963245579972863 Po:0.00115400948561728 przy:0.0010396137367933989 ó:0.0007419121684506536 z:0.0006240845541469753 PO:0.0005678756861016154 :0.010903049900662154
nie:0.11050884425640106 przybyło:0.09800199419260025 jest:0.08887980133295059 pozostało:0.043760962784290314 zostało:0.0361107662320137 na:0.02934373915195465 było:0.020813819020986557 powstało:0.015994664281606674 są:0.01296475064009428 ma:0.010650211945176125 :0.5329704461619258
i:0.8186586499214172 ':0.014352197758853436 -:0.009171707555651665 y:0.006092684343457222 ::0.005765956826508045 e:0.00568116782233119 -:0.005168600007891655 c:0.004200054798275232 a:0.004006612114608288 :0.12690236885100603
w:0.05939015746116638 ,:0.05442706495523453 (:0.04505510628223419 ,:0.0388096384704113 ':0.036655258387327194 i:0.0244115199893713 v:0.023258959874510765 l:0.0202418752014637 r:0.016388634219765663 ):0.015600784681737423 :0.6657610004767776
problemy:0.5519949197769165 trudności:0.25412294268608093 kłopoty:0.14461630582809448 problem:0.04009313881397247 kłopot:0.0034395589027553797 trudność:0.0024230757262557745 obawy:0.00031905618379823864 problemów:0.00027973431861028075 ograniczenia:0.00012741201499011368 kontakt:0.00012729615264106542 :0.0024565595958847553
ponieważ:0.14052368700504303 gdyż:0.11905022710561752 bowiem:0.10331393033266068 że:0.0936468169093132 a:0.04899454489350319 i:0.04305627942085266 bo:0.03211912512779236 ale:0.02917506732046604 iż:0.024130167439579964 jednak:0.017435822635889053 :0.3485543318092823
Smith:0.03627669811248779 Taylor:0.023166878148913383 Koch:0.01944073475897312 Miller:0.013785110786557198 Harris:0.013094443827867508 Brown:0.012533209286630154 Beck:0.01245180144906044 Cooper:0.011735275387763977 Weber:0.011077038943767548 Thomas:0.010221876204013824 :0.836216933093965
':0.097340889275074 1:0.08629650622606277 \:0.04945964366197586 l:0.04001301899552345 ::0.03761120140552521 i:0.033442236483097076 -:0.032425787299871445 ,:0.030541639775037766 I:0.02467084862291813 ":0.022056106477975845 :0.5461421217769384
głębi:0.31675681471824646 dnie:0.28079748153686523 pobliżu:0.23845252394676208 wodach:0.05125664547085762 basenie:0.007131359074264765 powierzchni:0.007062406279146671 okolicach:0.006863015703856945 obrębie:0.006635414902120829 łonie:0.006469366606324911 strefie:0.006219595205038786 :0.0723553765565157
bilansu:0.5236235857009888 bilans:0.06044619157910347 ,:0.016232451424002647 a:0.009055732749402523 rachunku:0.008865779265761375 ':0.007785341236740351 rachunków:0.0070108212530612946 Tabela:0.005205976311117411 ,:0.004068680573254824 ::0.003952137194573879 :0.35375330271199346
::0.08562728762626648 ':0.06586354970932007 ,:0.06305757164955139 ;:0.03739473596215248 -:0.030709657818078995 i:0.02154208905994892 ":0.02108810655772686 \:0.02001197077333927 w:0.017759187147021294 ':0.017412172630429268 :0.619533671066165
dowie:0.31454208493232727 przekona:0.27051323652267456 okaże:0.10647433996200562 dowiemy:0.04786677658557892 przyzna:0.0332680307328701 zgodzi:0.01647603139281273 dzą:0.014407042413949966 cieszą:0.008612713776528835 uda:0.008216232061386108 dowiedzieli:0.007223302498459816 :0.17240020912140608
,:0.1540239304304123 ':0.04806697741150856 i:0.03691831976175308 ":0.030238134786486626 t:0.026818258687853813 J:0.01806914247572422 a:0.017597408965229988 .:0.017076922580599785 ł:0.01660584844648838 ':0.016178933903574944 :0.6184061225503683
się:0.651727020740509 s:0.12406796962022781 SIĘ:0.04596126079559326 o:0.02381843514740467 w:0.01593592017889023 c:0.012589819729328156 ó:0.007273140363395214 p:0.006957839708775282 ę:0.006680194288492203 e:0.005260785110294819 :0.09972761431708932
':0.8968302011489868 i:0.0054051619954407215 ::0.004139659460633993 ':0.0037509796675294638 ,:0.0037280344404280186 -:0.0032354958821088076 r:0.0032258923165500164 ;:0.002542819594964385 -:0.0024778677616268396 :0.07466388773173094
,:0.9966559410095215 i:0.0021448901388794184 ::0.00021316666970960796 oraz:0.00017561890126671642 ,:9.677734487922862e-05 .:7.922545773908496e-05 -:7.611136243212968e-05 ;:6.346728332573548e-05 –:6.083389598643407e-05 ):3.933335028705187e-05 :0.0003946345859731082
(:0.9354515075683594 ):0.005067538935691118 (:0.003266975749284029 l:0.0023353812284767628 f:0.0020703240297734737 r:0.0016406249487772584 ,:0.0016113569727167487 1:0.0014221477322280407 n:0.0014046397991478443 :0.04572950303554535
a:0.06869766861200333 ym:0.03498542681336403 ie:0.03472128137946129 y:0.03435468301177025 w:0.03190755471587181 tym:0.024348760023713112 na:0.016433939337730408 a:0.016130011528730392 w:0.012938745319843292 as:0.01073781494051218 :0.7147441143169999
wy:0.42805221676826477 skalne:0.12348683178424835 wodne:0.0456254705786705 górskie:0.038731880486011505 skał:0.03327345475554466 lodu:0.031217480078339577 wód:0.02388847805559635 w:0.017956873401999474 marmuru:0.011995738372206688 węgla:0.011262217536568642 :0.23450935818254948
,:0.8810533881187439 ,:0.04428522661328316 .:0.019838130101561546 ':0.010387693531811237 .,:0.004886993207037449 ,,:0.002469360362738371 ;:0.002269022399559617 sensie:0.0020675966516137123 ':0.0018521712627261877 .:0.0010719778947532177 :0.029818439856171608
/:0.11151466518640518 /:0.07910304516553879 terytorialnych:0.06300122290849686 politycznych:0.058289509266614914 zachodnich:0.02468711882829666 państwowych:0.02175304666161537 ':0.018612170591950417 granicznych:0.017558658495545387 ':0.017088400200009346 europejskich:0.01702294871211052 :0.5713692139834166
,:0.7157585024833679 ::0.026897098869085312 .:0.024562854319810867 1,:0.017629776149988174 7,:0.01498324517160654 2,:0.014487206004559994 8,:0.01383527647703886 3,:0.012941592372953892 4,:0.011443899013102055 -:0.008864334784448147 :0.13859621435403824
sobą:0.9826541543006897 lane:0.0032409033738076687 siebie:0.0009617671021260321 powrotem:0.0008261328330263495 jedną:0.0008193958783522248 nimi:0.0007905238890089095 łatwością:0.0005257388693280518 masą:0.0005235059652477503 lały:0.00047275336692109704 niemi:0.00040249331505037844 :0.00878263110644184
3:0.014212151989340782 2:0.013733361847698689 1:0.013710618019104004 7:0.012012793682515621 6:0.011062229983508587 8:0.01073495578020811 5:0.010105411522090435 4:0.01007607951760292 9:0.009879437275230885 :0.8944729603827
7:0.984317421913147 7:0.011676523834466934 6:0.0012526643695309758 VII:0.0010702351573854685 8:0.00046500578173436224 1:0.0002404425322310999 7,:6.259429210331291e-05 (7:4.802498369826935e-05 5:4.155177521170117e-05 :0.0008255353604909033
i:0.15074840188026428 a:0.1226784959435463 inne:0.09479624032974243 rozwojowe:0.08224408328533173 oraz:0.07340110838413239 ,:0.021337952464818954 ostre:0.02111983112990856 ;:0.019059952348470688 •:0.018077226355671883 ciężkie:0.013575354591012001 :0.3829613532871008
sprzedaż:0.30082353949546814 nabywców:0.0808180570602417 nas:0.07781141251325607 sklepy:0.05195591598749161 sklepach:0.04411847144365311 zakup:0.03237388655543327 klientów:0.0298933032900095 sklep:0.02797977440059185 klienta:0.026872703805565834 dostawę:0.026649391278624535 :0.3007035441696644
\:0.43262386322021484 \:0.07528392970561981 ':0.06306648254394531 /:0.02985442988574505 ^:0.022208262234926224 i:0.019106470048427582 ,:0.01790470816195011 -:0.0167916938662529 v:0.012021249160170555 ":0.010771144181489944 :0.30036776699125767
pracownicy:0.3117586374282837 pracodawcy:0.09303998202085495 dyrektorzy:0.08007143437862396 posłowie:0.05168340727686882 państwo:0.04550565034151077 wojewodowie:0.03570430725812912 eksperci:0.026415206491947174 zainteresowani:0.022564278915524483 wnioskodawcy:0.014904380775988102 uczestnicy:0.014054414816200733 :0.3042983002960682
':0.10602296143770218 ,:0.06368651986122131 ":0.04888546094298363 i:0.04177448898553848 że:0.0262456014752388 a:0.02292397990822792 ;:0.02196671813726425 z:0.0184002872556448 w:0.015126731246709824 ':0.014436946250498295 :0.6205303044989705
.:0.044776979833841324 i:0.04251796379685402 ':0.020710263401269913 w:0.019872883334755898 ,:0.018225030973553658 nie:0.016618801280856133 ,:0.016054555773735046 I:0.014338371343910694 .:0.013461730442941189 ':0.01334719080477953 :0.7800762290135026
100:0.13981610536575317 I:0.06233321130275726 50:0.056491732597351074 60:0.028201600536704063 200:0.027889687567949295 10:0.02088358998298645 1000:0.020713189616799355 II:0.02007618173956871 V:0.01706845499575138 MO:0.015726972371339798 :0.5907992739230394
y:0.02738928236067295 c:0.02532118745148182 e:0.02511558122932911 u:0.020388217642903328 i:0.019976604729890823 a:0.01948954164981842 ie:0.016968045383691788 o:0.012521360069513321 ,:0.011525958776473999 d:0.010763310827314854 :0.8105409098789096
-:0.15404155850410461 d:0.03550735116004944 y:0.029941823333501816 ':0.026357777416706085 1:0.025990696623921394 i:0.025841709226369858 -:0.0256595890969038 e:0.020888814702630043 t:0.019907280802726746 ,:0.019905894994735718 :0.6159575041383505
