n:0.15578195452690125 ni:0.04348475858569145 ,:0.03877900913357735 ::0.02991923689842224 w:0.027339553460478783 ':0.02341303415596485 z:0.020160209387540817 ną:0.019619792699813843 i:0.019532307982444763 ":0.01853363588452339 :0.6034365072846413
Pracy:0.6298136711120605 Społecznej:0.09719323366880417 Zdrowia:0.07172828912734985 Wsi:0.04953589662909508 Serca:0.02286115661263466 Medycznej:0.009183532558381557 Rehabilitacji:0.008447173982858658 Morskiej:0.006645899266004562 Sport:0.004953945986926556 Sanitarnej:0.0049477373249828815 :0.09468946373090148
University:0.106125608086586 Oxford:0.10591914504766464 United:0.08456601947546005 British:0.06556016206741333 Cambridge:0.045051928609609604 London:0.03859129175543785 International:0.03419768437743187 National:0.031966835260391235 Journal:0.029653888195753098 College:0.02073276974260807 :0.43763466738164425
':0.290089875459671 .:0.1159355640411377 ?:0.06105169653892517 ..:0.05625332146883011 T:0.05461752042174339 ":0.04326711967587471 ):0.028461672365665436 m:0.023342419415712357 ,:0.023333873599767685 ::0.023006711155176163 :0.28064022585749626
i:0.20062196254730225 l:0.15618078410625458 ::0.04970778524875641 ':0.04659627005457878 ,:0.043416645377874374 sci:0.03747616708278656 !:0.02224155329167843 ;:0.015102801844477654 nie:0.014647717587649822 i:0.013773108832538128 :0.400235204026103
czele:0.25893497467041016 poziomie:0.08082432299852371 stanowisku:0.06205064430832863 linii:0.05350242555141449 pozycji:0.05225452035665512 wysokości:0.03851085528731346 pozycjach:0.03290494531393051 korzyść:0.0227633286267519 skrzydle:0.019135495647788048 drodze:0.017458859831094742 :0.36165962740778923
):0.9969552755355835 ?:0.0005045791040174663 ]:0.0003260455559939146 ...:0.00014001104864291847 !:0.00012810145562980324 ?):0.00012212924775667489 }:0.00011335357703501359 >:0.00011278348392806947 nie:8.655965211801231e-05 ":7.261384598677978e-05 :0.0014385474933078513
i:0.11811868846416473 l:0.07574468851089478 ,:0.05100129544734955 wy:0.0385357029736042 I:0.02903193235397339 s:0.02446821518242359 prze:0.021219728514552116 1:0.020847098901867867 z:0.02043142542243004 za:0.019055809825658798 :0.5815454144030809
l:0.14753283560276031 .:0.13241997361183167 ':0.05994202569127083 ":0.05136720463633537 !:0.046741969883441925 t:0.04332409426569939 ,:0.031495600938797 11:0.029669351875782013 ):0.01993924379348755 ?:0.019171414896845818 :0.41839628480374813
no:0.1805754005908966 s:0.03389560803771019 d:0.02373187616467476 n:0.017849691212177277 członko:0.01392296515405178 nowo:0.013567613437771797 l:0.012505055405199528 25:0.01184831466525793 ży:0.011708468198776245 t:0.010662389919161797 :0.6697326172143221
Trudno:0.4110477864742279 Można:0.15832437574863434 Należałoby:0.06252192705869675 Należało:0.060495901852846146 Chcąc:0.029066136106848717 Gdyby:0.02901473455131054 Aby:0.024423910304903984 Należy:0.021218648180365562 Trzeba:0.01590282842516899 Łatwo:0.00993095338344574 :0.17805279791355133
,:0.35397258400917053 ":0.09230801463127136 ':0.07906530797481537 l:0.05294371396303177 !:0.05103852227330208 ą:0.02435019426047802 &:0.023857776075601578 ;:0.02015795186161995 q:0.019727647304534912 ::0.014533746987581253 :0.2680445406585932
bitwy:0.26410526037216187 z:0.10137690603733063 y:0.04089420288801193 cia:0.024864811450242996 i:0.020570604130625725 i:0.01866142451763153 ny:0.010259278118610382 zwycięstwa:0.009022888727486134 pod:0.008899129927158356 ki:0.00876335147768259 :0.49258214235305786
,:0.20446833968162537 .:0.13170017302036285 ':0.05696412920951843 ::0.044235069304704666 ":0.03796888142824173 nie:0.030197471380233765 I:0.028052031993865967 ..:0.027339378371834755 .:0.024438923224806786 !:0.023780040442943573 :0.3908555619418621
ek:0.8931415677070618 nik:0.020839031785726547 ór:0.011424052529036999 k:0.008031985722482204 tek:0.0034323378931730986 ,:0.0029964405111968517 al:0.0029486322309821844 cz:0.0019168094731867313 ':0.001531341578811407 odpowiedni:0.0013932709116488695 :0.05234452965669334
':0.07652902603149414 tym:0.04346103221178055 tej:0.04137149453163147 ::0.036603543907403946 ":0.019035886973142624 s:0.017363427206873894 ,:0.015025804750621319 nim:0.014746692031621933 posiadaniu:0.011900068260729313 <:0.011531367897987366 :0.7124316561967134
to:0.9813138246536255 powyższe:0.006061695981770754 razem:0.0025018283631652594 to:0.0021273198071867228 jednak:0.0012591842096298933 te:0.0009333692723885179 zaś:0.0004940738435834646 To:0.0004824459319934249 inne:0.0004794613050762564 co:0.0002475714427419007 :0.004099225188838318
.:0.3968592584133148 ,:0.2409673035144806 -:0.05362226441502571 ..:0.04795423150062561 i:0.027880001813173294 ::0.024611713364720345 ':0.02141939476132393 rano:0.015367753803730011 ":0.009600307792425156 .-:0.009183780290186405 :0.15253399033099413
l:0.14102505147457123 ::0.07883968949317932 t:0.07221287488937378 i:0.0637146383523941 !:0.03769225627183914 1:0.03560095652937889 r:0.025934185832738876 ;:0.025305168703198433 I:0.023324577137827873 .:0.023286573588848114 :0.47306402772665024
ciężkich:0.5166494846343994 ostatnich:0.10801691561937332 dalszych:0.047877486795186996 dotychczasowych:0.03930332511663437 gwałtownych:0.031064283102750778 krótkich:0.016865279525518417 tych:0.01621367409825325 licznych:0.0158616341650486 poprzednich:0.014796489849686623 bezpośrednich:0.01458805613219738 :0.17876337096095085
,:0.9468955993652344 .:0.03549807146191597 ..:0.0025763269513845444 ":0.00212619686499238 ::0.0014261872274801135 .:0.0012674941681325436 ':0.0009162343922071159 ;:0.0005669373204000294 !:0.0005485065630637109 I:0.000507586169987917 :0.0076708595152013
bie:0.11398342251777649 [:0.07669851183891296 ,:0.04194895550608635 (:0.03715663403272629 !:0.0370686799287796 n:0.03509290888905525 ::0.032515861093997955 ber:0.028957849368453026 .:0.026561714708805084 ':0.02577631175518036 :0.5442391503602266
sądu:0.015426325611770153 spraw:0.013335217721760273 granic:0.012424053624272346 sądów:0.011897995136678219 gó:0.01154172420501709 miast:0.010282726027071476 miejsc:0.009986987337470055 gmin:0.008351996541023254 okoliczności:0.008016142062842846 okolic:0.0077953399159014225 :0.8909414918161929
Kraków:0.13865995407104492 Warszawa:0.1073477566242218 1:0.06243162229657173 Lwów:0.061974260956048965 Poznań:0.02968757227063179 Petersburg:0.02315830998122692 7:0.018475815653800964 Dnia:0.015368872322142124 4:0.01522740162909031 9:0.014356767758727074 :0.5133116664364934
lekarstwo:0.3831705152988434 środki:0.12062203884124756 lekarstwa:0.08255620300769806 sposób:0.04784894734621048 ulgę:0.04416804388165474 odpowiedź:0.03308727592229843 radę:0.030348841100931168 środek:0.01822025701403618 lek:0.016347523778676987 ulgi:0.014262153767049313 :0.2093682000413537
z:0.10306602716445923 dz:0.030391445383429527 dok:0.022422587499022484 7:0.01930265687406063 d:0.015200963243842125 16:0.014313223771750927 31:0.014301285147666931 29:0.014012894593179226 rej:0.01365630142390728 1:0.013528812676668167 :0.7398038022220135
':0.15730497241020203 ::0.13894936442375183 .:0.13419945538043976 ;:0.06403247267007828 ,:0.06087454408407211 ":0.049868352711200714 ..:0.03732997551560402 -:0.026486119255423546 l:0.020861944183707237 t:0.01586833968758583 :0.29422445967793465
łoby:0.09068309515714645 już:0.0808696448802948 dopiero:0.07734037190675735 tylko:0.07432787120342255 jedynie:0.04579002410173416 dwa:0.03585592657327652 juz:0.02221907675266266 niewątpliwie:0.01776878535747528 się:0.01768970675766468 nam:0.013351657427847385 :0.5241038398817182
ie:0.1230400800704956 .:0.06712892651557922 ':0.06101367250084877 ::0.04340225085616112 ,:0.03449396789073944 y:0.02594146877527237 !:0.01967916451394558 ia:0.017892010509967804 na:0.012607608921825886 ):0.010159512981772423 :0.5846413364633918
::0.1782454550266266 ':0.0770997628569603 ,:0.06304749101400375 b:0.029841428622603416 .:0.02625194378197193 ;:0.021150732412934303 l:0.01886310614645481 !:0.018664248287677765 ":0.01392457541078329 z:0.013193698599934578 :0.5397175578400493
cale:0.04988507926464081 -:0.04795708879828453 i:0.03776978328824043 .:0.031318821012973785 nasze:0.026768947020173073 przez:0.01807476207613945 a:0.016485894098877907 ::0.01578056626021862 ':0.015403619967401028 I:0.015116265043616295 :0.7254391731694341
nej:0.5241596102714539 Człowieka:0.1260083019733429 niczej:0.11301323771476746 nej:0.04188898205757141 nych:0.019990546628832817 .:0.015954185277223587 Obywatelskich:0.0074093095026910305 nych:0.006552950479090214 nego:0.00617869570851326 ny:0.005991116166114807 :0.13285306422039866
pisma:0.9996223449707031 dokumentu:0.00014275568537414074 środka:4.7411849664058536e-05 pełnomocnictwa:4.2270999983884394e-05 pism:3.660916627268307e-05 piśmie:1.9717359464266337e-05 listu:1.8637780158314854e-05 pismo:1.6304260498145595e-05 pełnomocnika:8.578494089306332e-06 papieru:5.439692358777393e-06 :3.992974143329775e-05
.:0.9788519144058228 ...:0.010388894937932491 !:0.0033244129735976458 ,:0.0031056106090545654 ::0.001642439397983253 ..:0.0005616162088699639 .:0.0004325215413700789 ;:0.000311113748466596 -:0.0002505043230485171 ....:0.000249156029894948 :0.0008818158239591867
w:0.992045521736145 na:0.004840485285967588 we:0.0010445646476000547 W:0.0006251506274566054 z:0.00038218629197217524 VI:0.0002998018462676555 IV:0.00012339258682914078 w:9.709240839583799e-05 V:3.5109416785417125e-05 przy:3.508735971990973e-05 :0.0004716077928605955
bie:0.17595133185386658 ::0.10053112357854843 ):0.04709125682711601 !:0.04428567364811897 ber:0.04213378578424454 ,:0.04024976119399071 ':0.030793795362114906 .:0.017368173226714134 ;:0.016290748491883278 mit:0.012327478267252445 :0.47297687176615
bytej:0.4556296765804291 Rusi:0.08381475508213043 Litwie:0.06300351023674011 Ukrainie:0.05045917630195618 Węgrzech:0.04674483463168144 Wołyniu:0.04501348361372948 Wschodzie:0.02954811230301857 nowo:0.01986873336136341 wschodzie:0.011542407795786858 tenczas:0.00969778373837471 :0.18467752635478973
ki:0.06619121879339218 ty:0.022846579551696777 czki:0.014613151550292969 nki:0.01437785942107439 e:0.012972958385944366 !:0.01205963920801878 ry:0.010809140279889107 .:0.010296727530658245 rki:0.009913747198879719 tki:0.009697070345282555 :0.8162219077348709
głowy:0.32983049750328064 żołądka:0.10086812824010849 mdłości:0.06379558891057968 brzucha:0.036367107182741165 osłabienie:0.03254341706633568 gardła:0.02573036216199398 zębów:0.022967005148530006 nóg:0.02168474905192852 piersi:0.016743673011660576 serca:0.015655191615223885 :0.3338142801076174
,:0.06305286288261414 ::0.04052869603037834 ś:0.03813845291733742 ':0.030657414346933365 _:0.016590090468525887 bór:0.015353836119174957 ;:0.014253229834139347 eh:0.012206021696329117 jest:0.011876864358782768 ):0.011169161647558212 :0.7461733696982265
::0.07872630655765533 ,:0.04232252389192581 -:0.036858219653367996 ':0.03520596772432327 1:0.0331750363111496 i:0.030803771689534187 .:0.030159326270222664 l:0.02966921776533127 r:0.024355964735150337 ;:0.02118019014596939 :0.6375434752553701
,:0.7126163244247437 ::0.1913450062274933 ;:0.04470183700323105 i:0.022921347990632057 .:0.012862544506788254 oraz:0.0027284971438348293 -:0.0019179421942681074 -:0.0010236891685053706 ':0.000851136923301965 --:0.0007369194063358009 :0.008294755010865629
która:0.987221896648407 gdyż:0.0037235994823276997 ponieważ:0.001912216772325337 jaka:0.0014138042461127043 albowiem:0.0010413730051368475 które:0.0006590821431018412 bowiem:0.00037575652822852135 chociaż:0.0003494808333925903 już:0.00028005463536828756 jakkolwiek:0.0002619193692225963 :0.0027608163363765925
«:0.857352077960968 *:0.03696133941411972 ":0.027092525735497475 »:0.0221251193434 <:0.0047301300801336765 ':0.0033478625118732452 “:0.0033390240278095007 >:0.0019641187973320484 .:0.0017592988442629576 !:0.0017347111133858562 :0.0395937921712175
,:0.6370060443878174 i:0.18766863644123077 a:0.08645160496234894 ;:0.02704690955579281 .:0.015748843550682068 1:0.01193465106189251 .:0.00882491935044527 lub:0.005140377674251795 I:0.0019110634457319975 l:0.0016252879286184907 :0.016641661641187966
komunistów:0.4520845115184784 partii:0.2550998330116272 partyj:0.09702574461698532 komunistyczne:0.06467241793870926 robotników:0.036077242344617844 polityczne:0.014846481382846832 partyjnych:0.006799807772040367 kobiet:0.005481502041220665 PZPR:0.003293815301731229 Partii:0.002024225890636444 :0.06259441818110645
.:0.4029739201068878 ?:0.2584981918334961 ...:0.13619506359100342 !:0.07713765650987625 ,:0.033088553696870804 ..:0.015504108741879463 ":0.006961449980735779 l:0.006075347773730755 .:0.005761043634265661 -:0.0042989966459572315 :0.053505667485296726
.:0.5372180938720703 ,:0.20193247497081757 !:0.016839755699038506 w:0.016732992604374886 z:0.01479243766516447 ::0.014136921614408493 na:0.013098550960421562 .:0.011806805618107319 do:0.011375890113413334 ;:0.010864684358239174 :0.15120139252394438
wszystkich:0.418221652507782 obojga:0.14271514117717743 obu:0.10982242971658707 dwojga:0.0182934757322073 oboje:0.01705894246697426 .:0.01640705205500126 samych:0.01436457596719265 !:0.013883749954402447 dzieci:0.012108732014894485 dwóch:0.01096322387456894 :0.22616102453321218
,:0.12897303700447083 z:0.09648576378822327 o:0.055442050099372864 na:0.042545516043901443 w:0.03770380839705467 ::0.02586345374584198 .:0.024961132556200027 do:0.023264026269316673 ':0.0229928158223629 Z:0.022244295105338097 :0.5195241011679173
Dąbrowski:0.1225297600030899 Górski:0.08817680180072784 Zieliński:0.08209510147571564 Kozłowski:0.07265126705169678 Potocki:0.05547235906124115 Jankowski:0.03930594399571419 Grabowski:0.037709061056375504 Wojciechowski:0.03322207182645798 Szymański:0.029590649530291557 Kamiński:0.022803859785199165 :0.4164431244134903
naukowej:0.7728807330131531 międzynarodowej:0.06771646440029144 gospodarczej:0.04702559486031532 technicznej:0.01530525740236044 morskiej:0.01375709380954504 ekonomicznej:0.010180283337831497 ekspertów:0.005268321838229895 kulturalnej:0.004914720542728901 ,:0.004226583521813154 przemysłowej:0.0041175237856805325 :0.0546074234880507
ukrycia:0.3022506833076477 znajdujące:0.08202524483203888 utrzymania:0.07989408820867538 znajdujących:0.061698511242866516 znajdującego:0.04127635806798935 znalezienia:0.029166335240006447 poruszania:0.028535183519124985 zaopatrzenia:0.028459088876843452 utrzymywania:0.028397871181368828 schronienia:0.0237117912620306 :0.29458484426140785
':0.19676753878593445 .:0.09373901784420013 ":0.07857070863246918 ::0.07119804620742798 “:0.05341796576976776 „:0.039885882288217545 ,:0.039688192307949066 °:0.03827682510018349 i:0.03787955269217491 ;:0.028814494609832764 :0.3217617757618427
ben:0.13278605043888092 ber:0.12704242765903473 in:0.06787870824337006 mit:0.04883873462677002 ,:0.034225597977638245 ober:0.026943957433104515 .:0.025648338720202446 im:0.022240987047553062 um:0.022131703794002533 am:0.016834406182169914 :0.47542908787727356
wskazuje:0.35396313667297363 dowodzi:0.06332764029502869 sugeruje:0.058287981897592545 wykazuje:0.05360438674688339 oznacza:0.04958494380116463 stwierdza:0.048771150410175323 zakłada:0.0446777418255806 powiada:0.03819311037659645 mówi:0.03682190924882889 uczy:0.03368910402059555 :0.2190788947045803
przez:0.3325810134410858 go:0.12927834689617157 ,:0.07056143134832382 ich:0.0362495556473732 ":0.029456069692969322 je:0.027266478165984154 uczelni:0.021732138469815254 jego:0.01498879212886095 na:0.014388129115104675 szkoły:0.011330406181514263 :0.312167638912797
r:0.3763326406478882 n:0.28493085503578186 w:0.07308255881071091 d:0.047563619911670685 t:0.03740096837282181 l:0.030878478661179543 k:0.02657477743923664 m:0.01781371608376503 ł:0.017098328098654747 s:0.013173548504710197 :0.0751505084335804
z:0.9887198805809021 Z:0.0035039405338466167 ze:0.0022119740024209023 7.:0.0011073522036895156 tylko:0.00033724537934176624 bez:0.0002906541049014777 i:0.00022075095330365002 pewnym:0.00017752053099684417 wielkim:0.0001607546437298879 ,:0.00014060236571822315 :0.0031293247011490166
się:0.9418442249298096 sie:0.009864052757620811 si:0.00547347916290164 uwagę:0.00336666963994503 go:0.002444175072014332 przekonanie:0.0013009794056415558 sio:0.0012553251581266522 Się:0.0008422816172242165 tylko:0.000791165919508785 ,:0.0007905292441137135 :0.03202711709309369
rozwija:0.30029362440109253 trzyma:0.15497998893260956 ma:0.1287633329629898 czuje:0.05345718935132027 udaje:0.04552707076072693 zachowuje:0.042405471205711365 prowadzi:0.024986108765006065 robi:0.023032115772366524 nadaje:0.022641068324446678 przedstawia:0.016257252544164658 :0.18765677697956562
jest:0.3062284290790558 było:0.2779705822467804 na:0.08049909770488739 o:0.04805111140012741 spowodowała:0.028829306364059448 i:0.024164266884326935 była:0.022008216008543968 przez:0.01144796796143055 byłoby:0.009797832928597927 spowodowało:0.008811160922050476 :0.1821920285001397
ch:0.20380446314811707 l:0.049634840339422226 le:0.023210329934954643 k:0.021687744185328484 z:0.018709061667323112 c:0.015806982293725014 g:0.015767505392432213 ,:0.013955785892903805 chanie:0.012985998764634132 h:0.012957137078046799 :0.6114801513031125
szeroki:0.13009929656982422 cały:0.11959116160869598 bogaty:0.060969043523073196 ,:0.053122129291296005 oraz:0.05220925435423851 nowy:0.03806085139513016 wielki:0.03622998669743538 duży:0.029552796855568886 pełen:0.02837328426539898 w:0.024643706157803535 :0.42714848928153515
.:0.992669939994812 ,:0.005230090115219355 ..:0.0004461711214389652 .:0.0003221287333872169 ::0.0001873408182291314 !:0.0001513603056082502 ;:0.0001238236582139507 i:0.0001193916323245503 ...:7.956299668876454e-05 -:7.518920756410807e-05 :0.0005950014165136963
.:0.0846715122461319 w:0.07148316502571106 ,:0.05810669809579849 l:0.04214603826403618 ":0.041654426604509354 W:0.03807628154754639 m:0.02113509736955166 !:0.01732555590569973 ':0.017230121418833733 stanowisku:0.014362200163304806 :0.5938089033588767
ą:0.9816458821296692 ę:0.008838516660034657 Ą:0.005616945680230856 ą:0.0014893703628331423 q:0.0006829025805927813 a:0.00032595227821730077 ją:0.00022036954760551453 są:0.00011240658204769716 y:0.00010741347068687901 u:8.109911868814379e-05 :0.0008791415893938392
dnie:0.36924996972084045 ne:0.08745982497930527 d:0.051175814121961594 de:0.04839502274990082 dane:0.02935558557510376 te:0.027614232152700424 dy:0.025211403146386147 one:0.02440943382680416 dzie:0.02324240654706955 godne:0.021709123626351357 :0.29217718355357647
opisał:0.7845556735992432 opisuje:0.06396175920963287 przedstawił:0.037445299327373505 określił:0.013615855947136879 zaprezentował:0.011950830928981304 wyjaśnił:0.01170016173273325 wykazał:0.007108224090188742 wskazał:0.004837117623537779 ujął:0.004147535189986229 omawia:0.003902384312823415 :0.05677515803836286
stanowi:0.3060879707336426 ,:0.12902790307998657 tworz:0.07450162619352341 czyni:0.07096564769744873 jest:0.05492598935961723 s:0.04637391120195389 .:0.020649641752243042 S:0.016503997147083282 by:0.013209419324994087 Jest:0.01203142013400793 :0.25572247337549925
osób:0.37242308259010315 ludzi:0.1766350120306015 piersi:0.05098482221364975 głosów:0.043842487037181854 mężczyzn:0.03742629662156105 dusz:0.03074958734214306 istot:0.029846299439668655 kroków:0.02940998412668705 kobiet:0.022117363288998604 starców:0.013252327218651772 :0.19331273809075356
się:0.9917254447937012 sie:0.002144517144188285 si:0.0008799982024356723 społecznym:0.0008514866349287331 dzieci:0.0005974876694381237 Się:0.00028721714625135064 sią:0.00026050902670249343 uczniów:0.00022598325449507684 dorosłych:0.00021831768390256912 się:0.00020974873041268438 :0.0025992897135438398
.:0.15959124267101288 ,:0.0844208300113678 ':0.08186538517475128 -:0.04889855161309242 ::0.0479670874774456 ":0.038670171052217484 S:0.024041147902607918 ;:0.017909277230501175 §:0.014486165717244148 _:0.01319881435483694 :0.46895132679492235
.:0.3964000940322876 odpowiednimi:0.16162854433059692 ':0.05090516433119774 dwoma:0.034357476979494095 ,:0.021114669740200043 ":0.01633179932832718 ::0.011236236430704594 trzema:0.011054358445107937 2:0.00942156556993723 ;:0.00911279022693634 :0.2784373005852103
kolejowe:0.09870660305023193 komunikacyjne:0.06515707075595856 i:0.05825689435005188 dla:0.04755079373717308 elektryczne:0.032254599034786224 i:0.025473181158304214 kolei:0.024982675909996033 komunikacji:0.023672735318541527 do:0.02349153719842434 e:0.011830708011984825 :0.5886232014745474
V:0.15195105969905853 ':0.09242668002843857 1:0.050267331302165985 I:0.04413008317351341 ):0.03244277462363243 .:0.028479836881160736 ,:0.02552477829158306 ::0.02471008151769638 l:0.02423429675400257 v:0.02383085899055004 :0.5020022187381983
K:0.4492999017238617 W:0.09862356632947922 G:0.08448086678981781 B:0.08278178423643112 M:0.04448297992348671 T:0.03590426594018936 P:0.03523191437125206 S:0.024081960320472717 D:0.023210957646369934 F:0.0176605936139822 :0.10424120910465717
10:0.2480105310678482 .:0.10250641405582428 ':0.08452139049768448 ":0.04805199056863785 ..:0.04262248054146767 ,:0.030828503891825676 ::0.030771667137742043 15:0.025379179045557976 !:0.01831466518342495 ):0.015031520277261734 :0.35396165773272514
w:0.033730506896972656 prac:0.026903720572590828 n:0.024165285751223564 m:0.023182770237326622 l:0.021838802844285965 W:0.014699401333928108 t:0.01372834388166666 s:0.012388457544147968 I:0.011504356749355793 .:0.010345003567636013 :0.8075133506208658
7:0.04932698979973793 9:0.04179716855287552 10:0.04001392796635628 8:0.03825288265943527 12:0.03495189547538757 6:0.034780289977788925 5:0.03156490623950958 14:0.029420271515846252 15:0.027196798473596573 2:0.02661004476249218 :0.6460848245769739
,:0.0813024565577507 ':0.08057349175214767 ::0.07072179764509201 bił:0.029316989704966545 ;:0.02764536254107952 !:0.02738524228334427 ):0.024622062221169472 niósł:0.018935494124889374 l:0.017773905768990517 _:0.016523899510502815 :0.6051992978900671
,:0.7824394702911377 .:0.13155928254127502 rosyjskiego:0.005039437208324671 ludowego:0.004441112745553255 ':0.004224109463393688 miejskiego:0.004145011771470308 greckiego:0.0035499364603310823 ::0.0034110473934561014 polskiego:0.0024316334165632725 ":0.0023808840196579695 :0.05637807468883693
metalowych:0.5757740139961243 żelaznych:0.09500384330749512 stalowych:0.054992396384477615 drewnianych:0.02868310734629631 przemysłowych:0.0257469043135643 mechanicznych:0.019788334146142006 elektrycznych:0.009413438849151134 rur:0.008938510902225971 budowlanych:0.008852810598909855 górniczych:0.008782912977039814 :0.1640237271785736
prędzej:0.24201400578022003 sik:0.20510922372341156 innego:0.1573190987110138 lepszego:0.0449230782687664 takiego:0.04218064621090889 najprędzej:0.035010628402233124 ś:0.03325936570763588 nowego:0.02525586076080799 nieco:0.014441181905567646 zrobić:0.013473376631736755 :0.18701353389769793
':0.3727562725543976 ":0.1116674542427063 ,:0.06989189982414246 ):0.036153506487607956 (:0.02914992719888687 .:0.021088313311338425 1:0.016563162207603455 !:0.015301672741770744 a:0.015039163641631603 ..:0.014319260604679585 :0.298069367185235
Józef:0.051156606525182724 Jan:0.04487794265151024 Stanisław:0.0444941483438015 Franciszek:0.034755103290081024 Andrzej:0.027694998309016228 Tadeusz:0.02533348836004734 Władysław:0.019946208223700523 Antoni:0.01980692148208618 Kazimierz:0.018863126635551453 Czesław:0.018260901793837547 :0.6948105543851852
,:0.13167190551757812 ':0.12638404965400696 ":0.09279706329107285 ..:0.08779934793710709 ::0.06811636686325073 !:0.04928221553564072 I:0.04491589590907097 ;:0.024657011032104492 ...:0.024065420031547546 .:0.014872357249259949 :0.3354383669793606
aby:0.6166884303092957 ażeby:0.16655662655830383 by:0.12792377173900604 żeby:0.016620490700006485 i:0.010380066931247711 zamiast:0.006155338138341904 mające:0.0052915881387889385 postanowiliśmy:0.0031987850088626146 lub:0.002483085263520479 następnie:0.002475013956427574 :0.042226803256198764
E:0.21963660418987274 c:0.09468215703964233 e:0.08390974253416061 C:0.08257481455802917 c:0.08023616671562195 <:0.04011569172143936 f:0.03307649865746498 ce:0.02415485307574272 te:0.017474912106990814 t:0.017381902784109116 :0.3067566566169262
,:0.07414700835943222 ":0.046600233763456345 ':0.03631535544991493 .:0.03586294502019882 o:0.02843685820698738 j:0.028028683736920357 J:0.026581326499581337 1:0.025956112891435623 t:0.02588723972439766 l:0.024441644549369812 :0.6477425917983055
,:0.1317807137966156 ':0.07487443834543228 ":0.06548850983381271 ::0.045534808188676834 i:0.0453164279460907 .:0.03447824344038963 ..:0.030361894518136978 I:0.02701483480632305 ;:0.025590552017092705 !:0.018670134246349335 :0.5008894428610802
py:0.7676575183868408 ty:0.024022618308663368 y:0.022124173119664192 pnie:0.01878725178539753 ki:0.016526399180293083 sy:0.01579274795949459 p:0.012851737439632416 by:0.00998746883124113 wy:0.007554180454462767 poty:0.0065313419327139854 :0.09816456260159612
do:0.9658434391021729 na:0.022048892453312874 z:0.002193872118368745 od:0.001861897180788219 dnia:0.0015203900402411819 do:0.0014183815801516175 o:0.0009425059542991221 dn:0.0007324964390136302 da:0.00035321261384524405 d:0.00020316033624112606 :0.002881752181565389
,:0.8341891169548035 .:0.10198201984167099 oraz:0.02270696498453617 i:0.008219197392463684 ;:0.004363331012427807 lub:0.003166043199598789 ..:0.0030290766153484583 .:0.0028418877627700567 ':0.0013358470750972629 ::0.0010003105271607637 :0.01716620463412255
of:0.7838234305381775 and:0.1492544561624527 to:0.019508665427565575 for:0.01003750879317522 in:0.008767537772655487 on:0.0050987680442631245 with:0.004077765624970198 by:0.002878110157325864 or:0.002269440796226263 ,:0.0018204818479716778 :0.012463834835216403
tą:0.04120714217424393 ':0.030181994661688805 .:0.029308121651411057 ::0.028341328725218773 l:0.025824276730418205 ,:0.022654149681329727 tymi:0.02088160812854767 W:0.016183845698833466 te:0.015661289915442467 obu:0.013389256782829762 :0.7563669858500361
zajął:0.7116813659667969 zdobył:0.04218597710132599 otrzymał:0.017015846446156502 zajęła:0.016607271507382393 zajmuje:0.012060370296239853 zajmował:0.008958028629422188 zajęli:0.008479042910039425 podzielił:0.008185045793652534 ,:0.006375334225594997 !:0.006372738629579544 :0.1620789784938097
ono:0.1902475208044052 silny:0.12359374761581421 duży:0.08642679452896118 ogromny:0.06797537207603455 wielki:0.04807348921895027 głęboki:0.039286233484745026 pewien:0.030675796791911125 on:0.028473420068621635 ona:0.018991893157362938 stale:0.016638804227113724 :0.34961692802608013
jeśli:0.38035711646080017 jeżeli:0.35305464267730713 gdy:0.10236644744873047 jak:0.06188031658530235 kiedy:0.02913651056587696 skoro:0.01515369676053524 że:0.010760285891592503 kogo:0.00635535316541791 nas:0.005852508824318647 mnie:0.004877625498920679 :0.03020549612119794
,:0.34818583726882935 .:0.17591466009616852 I:0.03227650001645088 .:0.028547462075948715 i:0.02612016163766384 pan:0.014111481606960297 !:0.012429963797330856 Pan:0.009738867171108723 ::0.00819149799644947 pani:0.00762251066043973 :0.3368610576726496
(:0.20329074561595917 l:0.17038141191005707 f:0.045520029962062836 ):0.03117784671485424 ::0.022707579657435417 ,:0.01974962092936039 C:0.016239183023571968 1:0.015954578295350075 {:0.015019203536212444 I:0.014901882968842983 :0.4450579173862934
c:0.15372860431671143 d:0.13030362129211426 r:0.039390359073877335 m:0.03768208250403404 d:0.022304784506559372 n:0.016046209260821342 s:0.015273088589310646 ,:0.015154333785176277 si:0.013822938315570354 ::0.013298539444804192 :0.5429954389110208
(:0.9976282715797424 ,:0.0008277812739834189 {:0.0006229036953300238 [:0.0002289481199113652 <:8.574319508625194e-05 .:8.2657381426543e-05 ;:7.77356035541743e-05 /:5.647053330903873e-05 —:5.603849785984494e-05 *:2.4807788577163592e-05 :0.00030864233121974394
ber:0.1795099973678589 ?:0.17845700681209564 ::0.04426300898194313 bie:0.031161155551671982 !:0.026430020108819008 ,:0.022565243765711784 ':0.02094358764588833 .:0.01981056109070778 b:0.018854685127735138 “:0.01849294826388359 :0.43951178528368473
tak:0.4620511531829834 !:0.0328027680516243 nie:0.032147057354450226 ":0.02116951160132885 l:0.01867620274424553 ,:0.01849258877336979 ':0.015299331396818161 lak:0.014657748863101006 .:0.011360729113221169 ach:0.00804857537150383 :0.36529433354735374
i:0.34296438097953796 n:0.047118786722421646 l:0.03126521036028862 ':0.026450028643012047 o:0.025206247344613075 r:0.02333158627152443 ::0.022493215277791023 d:0.020948512479662895 I:0.0206405408680439 z:0.019345294684171677 :0.4202361963689327
nich:0.9932090640068054 ich:0.002028088318184018 tych:0.0005858297809027135 nikogo:0.0005026652943342924 niego:0.0004827359225600958 których:0.00042834566556848586 nas:0.00038004553061909974 niej:0.0002931948401965201 mnie:0.0001848870888352394 wszystkich:0.00018103305774275213 :0.001724110494251363
wykonania:0.4979492723941803 realizacji:0.12342941015958786 naruszenia:0.08722657710313797 podjętych:0.0585494264960289 wykonywania:0.03650320693850517 spełnienia:0.03310166671872139 wypełnienia:0.02166851796209812 przyjęcia:0.014271731488406658 zrealizowania:0.012092087417840958 wypełniania:0.008892996236681938 :0.10631510708481073
m:0.12419674545526505 <:0.05060557276010513 !:0.0502803772687912 ::0.027281442657113075 ':0.02618716098368168 ,:0.02578837051987648 j:0.022266676649451256 1:0.020340891554951668 E:0.019539011642336845 J:0.018866652622818947 :0.6146470978856087
,:0.6801577806472778 miasta:0.12357921898365021 Ministrów:0.03449402004480362 Warszawy:0.0300558190792799 Miasta:0.01999928057193756 Państwa:0.013498677872121334 Rządu:0.007040937896817923 Skarbu:0.006694627460092306 ministrów:0.006193420384079218 Senatu:0.004520318005234003 :0.0737658990547061
nie:0.6973675489425659 jednak:0.08272962272167206 li:0.06754165887832642 jednym:0.026747390627861023 już:0.01835796609520912 więc:0.010514662601053715 pierwszym:0.005695032887160778 bowiem:0.005234964657574892 oczywiście:0.004882409702986479 zatem:0.003876806702464819 :0.07705193618312478
':0.10194505751132965 ,:0.0798603892326355 \:0.07059669494628906 l:0.05747357755899429 o:0.055847857147455215 i:0.03087378293275833 .:0.025236107409000397 t:0.02479146048426628 1:0.022447384893894196 ":0.02106836996972561 :0.5098593179136515
znajdzie:0.21774618327617645 może:0.12492562085390091 o:0.06749843806028366 ma:0.05863264575600624 dostanie:0.03403577208518982 sobie:0.024409927427768707 się:0.023273728787899017 idzie:0.022015631198883057 przychodzi:0.018984053283929825 przyjdzie:0.014243141748011112 :0.3942348575219512
piaskiem:0.1105259582400322 piasku:0.09549565613269806 blachy:0.07891479134559631 waty:0.0695008710026741 metalu:0.06189888343214989 gliny:0.06024076044559479 drutu:0.05709477886557579 kory:0.04879506304860115 wodą:0.03783579543232918 cegły:0.03081856667995453 :0.348878875374794
.:0.11972266435623169 I:0.041436173021793365 W:0.0349656417965889 l:0.03311329334974289 l:0.029695279896259308 ,:0.029123613610863686 w:0.025930168107151985 w:0.019116388633847237 ":0.018009981140494347 J:0.015576518140733242 :0.6333102779462934
::0.11836487799882889 I:0.056118983775377274 1:0.05578676611185074 ;:0.05344248563051224 l:0.04969898983836174 !:0.041086044162511826 .:0.03804928809404373 ,:0.03769034147262573 ':0.037445858120918274 J:0.03286498039960861 :0.47945138439536095
z:0.9674514532089233 Z:0.009301369078457355 ze:0.0038646769244223833 7.:0.002492820844054222 2:0.0011789859272539616 7:0.0010398899903520942 ,:0.0007420016336254776 l:0.0006929486407898366 przed:0.0004927378613501787 w:0.0004851042467635125 :0.012258011644007638
o:0.8687862157821655 po:0.10186896473169327 poświęcony:0.009840497747063637 0:0.0062926230020821095 O:0.001991534372791648 przy:0.0013409259263426065 PO:0.001324741169810295 na:0.0007192128687165678 Po:0.0005057602538727224 z:0.0004187113663647324 :0.0069108127790968865
nie:0.1677742600440979 b:0.1351546198129654 m:0.07476599514484406 n:0.04129395633935928 wi:0.023410163819789886 jest:0.020588668063282967 ,:0.01853196695446968 bę:0.015689749270677567 nic:0.012212373316287994 brak:0.009622963145375252 :0.48095528408885
::0.25390926003456116 ;:0.21856890618801117 ':0.19553788006305695 !:0.06706555187702179 ,:0.060833122581243515 ):0.05305321514606476 ":0.03292766958475113 >:0.014723272994160652 ?:0.011725627817213535 }:0.010616695508360863 :0.08103879820555449
J:0.1439676433801651 ,:0.09018902480602264 I:0.03184898570179939 W:0.03180021047592163 i:0.02377176098525524 1:0.02048438973724842 l:0.019477587193250656 do:0.017899172380566597 H:0.017489075660705566 w:0.016862940043210983 :0.5862092096358538
problemy:0.481595516204834 trudności:0.2704140543937683 kłopoty:0.2134932428598404 problem:0.023662837222218513 kłopot:0.005626572761684656 trudność:0.0027890396304428577 problemów:0.0002935547090601176 kłopotów:0.0001840363984229043 utrudnienia:0.00010838874004548416 kontakt:8.459021046292037e-05 :0.0017481668692198582
gdyż:0.26944637298583984 ponieważ:0.2522154152393341 że:0.07690668106079102 albowiem:0.05739131197333336 bowiem:0.047090187668800354 gdy:0.042330052703619 a:0.038998205214738846 i:0.03460490703582764 bo:0.025533048436045647 iż:0.016722992062568665 :0.13876082561910152
Koch:0.04804641753435135 Nowak:0.028416216373443604 Klein:0.027386965230107307 Reich:0.026486752554774284 Wolf:0.01423825602978468 Mann:0.013898429460823536 Kowalski:0.013598526827991009 Beck:0.013184154406189919 Schmidt:0.012161912396550179 Gross:0.01194677222520113 :0.790635596960783
1:0.09524963796138763 ':0.06849884986877441 l:0.06468182057142258 .:0.056973058730363846 J:0.05235605686903 V:0.04659785330295563 I:0.03966042399406433 i:0.03562597557902336 \:0.03316617012023926 j:0.0319717600941658 :0.47521839290857315
dnie:0.6563776731491089 głębi:0.15771281719207764 pobliżu:0.045284099876880646 wodach:0.03178577125072479 środku:0.021687138825654984 łonie:0.009099154733121395 bliskości:0.008397559635341167 głębokości:0.006445107515901327 falach:0.0063093192875385284 wodzie:0.006097253877669573 :0.050804104655981064
,:0.07293088734149933 u:0.046944331377744675 t:0.02976820059120655 .:0.029527388513088226 ::0.027274642139673233 tów:0.026074934750795364 ':0.023458367213606834 ru:0.02166823297739029 a:0.01907457411289215 łu:0.01689446158707142 :0.6863839793950319
\:0.9999246597290039 ':3.595772068365477e-05 ":6.239475624170154e-06 ::6.03335911364411e-06 ,:4.156489467277424e-06 V:2.7710857466445304e-06 v:1.9367262211744674e-06 ):1.9363974388397764e-06 ;:1.7126859575000708e-06 <:1.429652229489875e-06 :1.3166678513698571e-05
przekona:0.593441367149353 dowie:0.10612455755472183 okaże:0.06313726305961609 dowiemy:0.050116829574108124 przyzna:0.01964470185339451 dzą:0.012907562777400017 zrozumie:0.009692740626633167 cieszą:0.007242986466735601 przekonać:0.005194833967834711 zgodzi:0.005175736732780933 :0.127321420237422
':0.1544475108385086 ..:0.09350372850894928 ,:0.08687349408864975 ":0.06495606154203415 ::0.04412715137004852 ...:0.04380033165216446 .:0.04358208179473877 !:0.03897949308156967 ł:0.036512359976768494 ....:0.01837925799190998 :0.3748385291546583
się:0.4730341136455536 w:0.1495208740234375 s:0.09384766221046448 o:0.043336305767297745 d:0.014436737634241581 c:0.01325091440230608 we:0.009906008839607239 p:0.009299642406404018 e:0.008222448639571667 po:0.007192020304501057 :0.17795327212661505
J:0.06050223484635353 Dzie:0.041523925960063934 W:0.0345117524266243 R:0.03189420700073242 Cz:0.030276358127593994 C:0.026650741696357727 Dzi:0.025841427966952324 Rz:0.022150317206978798 T:0.016686376184225082 Sp:0.016620084643363953 :0.6933425739407539
,:0.9881919026374817 i:0.00603311276063323 .:0.0036660933401435614 oraz:0.0011233196128159761 ;:0.0005354437162168324 ::5.238980520516634e-05 ):3.7159079511184245e-05 ":3.090615791734308e-05 I:2.9798902687616646e-05 ':2.0187324480502866e-05 :0.00027968666290689725
):0.18924611806869507 1:0.043451327830553055 2:0.040421754121780396 5:0.04007832333445549 .:0.035690415650606155 3:0.03567071259021759 ,:0.026492908596992493 4:0.0262632854282856 9:0.018182767555117607 12:0.015072762966156006 :0.5294296238571405
w:0.12287174165248871 a:0.09713134914636612 y:0.040782686322927475 ':0.03474055603146553 tym:0.03234287351369858 ym:0.028016170486807823 ,:0.02246161364018917 .:0.016974767670035362 ie:0.016075540333986282 na:0.01543265301734209 :0.5731700481846929
wy:0.22238215804100037 skalne:0.06116378307342529 skał:0.05654222518205643 lodu:0.051877059042453766 ziemi:0.04876457899808884 gór:0.03667411208152771 górskie:0.03637781739234924 kamieni:0.025477582588791847 powietrza:0.021597133949398994 piasku:0.02130856178700924 :0.4178349878638983
,:0.8860700726509094 .:0.09844425320625305 ::0.0035983556881546974 ':0.0015325861750170588 ;:0.0015099123120307922 .:0.0011844929540529847 _:0.0008660920429974794 ..:0.00053166423458606 ":0.0004605487047228962 !:0.0003970442630816251 :0.00540497776819393
/:0.8308329582214355 ):0.03241131082177162 ':0.026731392368674278 ]:0.02467227913439274 ":0.018269462510943413 ::0.016446882858872414 ,:0.008893555961549282 !:0.006739123724400997 ?:0.006651685573160648 }:0.0046443818137049675 :0.023706967011094093
,:0.9081823825836182 ::0.041026417165994644 .:0.011573665775358677 /:0.008206457830965519 ':0.004902412183582783 ;:0.003690279321745038 -:0.0019227898446843028 1,:0.00145005714148283 3,:0.0012939738808199763 2,:0.0011723057832568884 :0.016579258488491178
sobą:0.9306963086128235 niemi:0.02740965224802494 masą:0.006409661844372749 wodą:0.004120997153222561 powietrzem:0.0033311923034489155 drugą:0.003106227144598961 nimi:0.0024060243740677834 siebie:0.0021005962044000626 jedną:0.0018885660683736205 nią:0.001543615129776299 :0.01698715891689062
2:0.011965746991336346 3:0.011644167825579643 7:0.01110841054469347 5:0.01061087567359209 1:0.010329470969736576 9:0.009808150120079517 6:0.009567421860992908 4:0.00907838623970747 8:0.008613361977040768 19:0.006539141293615103 :0.9007348665036261
7:0.9962835907936096 VII:0.0017918836092576385 1:0.000402694073272869 6:0.0003536648000590503 17:0.00011958160030189902 3:0.00010391134128440171 5:0.00010102561645908281 77:9.958844020729885e-05 7:6.757360097253695e-05 07:4.701991201727651e-05 :0.0006294662125583272
a:0.5919038653373718 zaś:0.18117275834083557 natomiast:0.07021015882492065 oraz:0.03693005070090294 inne:0.01536621991544962 wreszcie:0.015259352512657642 jako:0.01044728048145771 i:0.00678895553573966 specyficzne:0.003549179993569851 indywidualne:0.0027256531175225973 :0.06564652523957193
nabywców:0.3219645619392395 klientów:0.08862043172121048 klienta:0.08400164544582367 nas:0.07626716792583466 sprzedaż:0.06375180929899216 nich:0.03625567629933357 zakup:0.02490946464240551 dostawę:0.018140161409974098 odbiorców:0.011799030937254429 sklepy:0.011024304665625095 :0.26326574571430683
':0.9334502816200256 ":0.014883285388350487 ):0.009586606174707413 ,:0.0071566286496818066 ;:0.004860702436417341 ::0.004138732794672251 !:0.0035468381829559803 h:0.0017530079931020737 >:0.001690039993263781 l:0.0016710051568225026 :0.01726287161000073
pracownicy:0.2418312281370163 dyrektorzy:0.1105196550488472 wnioskodawcy:0.0748545452952385 pracy:0.0691198855638504 pracodawcy:0.06042604520916939 zainteresowani:0.04336485639214516 posłowie:0.019406193867325783 autorzy:0.01814889907836914 wojewodowie:0.01784040406346321 myśmy:0.01404770091176033 :0.3304405864328146
nych:0.09911752492189407 i:0.06571190804243088 z:0.058562781661748886 ':0.042895279824733734 nej:0.03745301812887192 ch:0.03732529655098915 j:0.030035139992833138 ,:0.02409435622394085 a:0.022727370262145996 !:0.021173937246203423 :0.560903387144208
':0.07777176052331924 .:0.07580957561731339 dla:0.06450463086366653 I:0.03965315595269203 dzieci:0.03499685600399971 ..:0.024975871667265892 w:0.021786900237202644 ,:0.021342366933822632 z:0.014692152850329876 _:0.014669288881123066 :0.609797440469265
