n:0.20556822419166565 ni:0.044281475245952606 ,:0.0423303097486496 i:0.02927357330918312 ::0.025004196912050247 ną:0.022935232147574425 ':0.021504927426576614 .:0.018564343452453613 z:0.01740383170545101 w:0.016098614782094955 :0.5570352710783482
Pracy:0.6892185211181641 Społecznej:0.07312506437301636 Zdrowia:0.05098937824368477 Serca:0.039329081773757935 Wsi:0.025832127779722214 Medycznej:0.012405340559780598 Rehabilitacji:0.012204712256789207 Morskiej:0.011561395600438118 AM:0.004141674842685461 Wojskowej:0.003625382436439395 :0.07756732101552188
Oxford:0.09619864821434021 University:0.07768146693706512 United:0.0749979242682457 British:0.059784092009067535 International:0.05205071344971657 Journal:0.04077146574854851 Research:0.03243623673915863 Cambridge:0.03129146620631218 London:0.029429834336042404 National:0.027636175975203514 :0.47772197611629963
':0.20898854732513428 .:0.12654489278793335 ?:0.10461926460266113 ..:0.05041160061955452 T:0.04897592216730118 m:0.03447352722287178 ":0.030822988599538803 ):0.024059422314167023 M:0.020422471687197685 Przede:0.01823125034570694 :0.3324501123279333
l:0.16436980664730072 i:0.11565842479467392 ':0.08993899077177048 ::0.08243613690137863 ,:0.05611071735620499 !:0.02783563733100891 ;:0.02256183698773384 sci:0.020461566746234894 .:0.015861554071307182 ":0.015709688887000084 :0.38905563950538635
czele:0.17501838505268097 poziomie:0.14285455644130707 pozycji:0.060107287019491196 linii:0.04347064346075058 dobrych:0.0367317758500576 wysokich:0.035912517458200455 stanowisku:0.03016774356365204 najlepszych:0.02836230769753456 pozycjach:0.028016535565257072 wysokim:0.026423370465636253 :0.3929348774254322
):0.9931373596191406 ?:0.0006874581449665129 ]:0.000512895523570478 ...:0.000478609959827736 nie:0.0002731600252445787 !:0.0002661521721165627 >:0.0002230879181297496 Nie:0.00020274918642826378 ":0.00019983517995569855 tak:0.00015893067757133394 :0.0038597615930484608
i:0.10112348198890686 ,:0.0831170454621315 l:0.0650789886713028 wy:0.032026756554841995 I:0.02947503887116909 z:0.025180604308843613 s:0.023512596264481544 1:0.022382065653800964 prze:0.020731279626488686 ':0.020710332319140434 :0.5766618102788925
.:0.16062267124652863 l:0.08154971152544022 ':0.057737041264772415 !:0.040922097861766815 ":0.03532546013593674 t:0.03514675796031952 ,:0.028679821640253067 11:0.02713036723434925 ?:0.0204269178211689 i:0.016141217201948166 :0.4963179361075163
no:0.23889440298080444 s:0.021997125819325447 ży:0.017179658636450768 członko:0.01544448547065258 n:0.014420372433960438 d:0.013407018966972828 nowo:0.012249363586306572 19:0.010418558493256569 25:0.009782879613339901 kilku:0.00865299440920353 :0.6375531395897269
Trudno:0.5884650349617004 Można:0.1591833531856537 Należałoby:0.02569013088941574 Należało:0.02464764192700386 Aby:0.022654471918940544 Chcąc:0.01885095052421093 Gdyby:0.013841218315064907 Należy:0.011260002851486206 Łatwo:0.010978268459439278 Trzeba:0.010450252331793308 :0.1139786746352911
,:0.38337600231170654 ":0.10559896379709244 ':0.07616344094276428 !:0.05376463755965233 l:0.05006624013185501 q:0.020970730111002922 &:0.019825775176286697 7:0.015461090952157974 ą:0.01379283145070076 ;:0.013725818134844303 :0.24725446943193674
bitwy:0.3784361779689789 cia:0.029924562200903893 z:0.025182168930768967 y:0.023353463038802147 i:0.020613348111510277 prawy:0.015052526257932186 ku:0.014944006688892841 i:0.014700190164148808 boju:0.011955386959016323 walki:0.011232095770537853 :0.4546060739085078
,:0.2922772467136383 .:0.10911691933870316 ':0.04209267720580101 ::0.04031400755047798 .:0.036889199167490005 ":0.035230543464422226 I:0.028070617467164993 ..:0.025830039754509926 !:0.022710999473929405 nie:0.019510725513100624 :0.34795702435076237
ek:0.8815792202949524 nik:0.026062997058033943 ór:0.01482533011585474 k:0.007489147130399942 ,:0.0041981590911746025 tek:0.003382864175364375 al:0.002687006024643779 ':0.0016811983659863472 cz:0.001608378952369094 t:0.0015514830593019724 :0.05493421573191881
':0.08576898276805878 ::0.04428574815392494 tym:0.03585664555430412 tej:0.03162753954529762 ":0.02763696014881134 s:0.019922619685530663 ,:0.019265776500105858 <:0.017972446978092194 nim:0.014582096599042416 ;:0.012269055470824242 :0.6908121285960078
to:0.9789071679115295 powyższe:0.00651200907304883 razem:0.0031008317600935698 jednak:0.0026239678263664246 to:0.001730200252495706 zaś:0.0006220434443093836 te:0.0005698889726772904 To:0.0005078931571915746 inne:0.0004986062413081527 jednakże:0.0003056169953197241 :0.004621774365659803
.:0.33630672097206116 ,:0.2770090103149414 -:0.06539055705070496 ..:0.04380863159894943 i:0.027955498546361923 ':0.021894238889217377 ::0.02024098113179207 rano:0.013767968863248825 ":0.01297592744231224 -:0.01184853259474039 :0.16880193259567022
l:0.162465900182724 t:0.08002181351184845 ::0.07040401548147202 i:0.055710360407829285 1:0.042336925864219666 !:0.041101790964603424 I:0.028026049956679344 .:0.02372436784207821 ;:0.023623066022992134 r:0.02238377183675766 :0.4502019379287958
ciężkich:0.6061290502548218 ostatnich:0.06021337956190109 dotychczasowych:0.046278636902570724 dalszych:0.034480687230825424 gwałtownych:0.029210960492491722 krótkich:0.020760582759976387 bezpośrednich:0.017880363389849663 licznych:0.012754485942423344 lokalnych:0.011567242443561554 poprzednich:0.0106275025755167 :0.1500971084460616
,:0.9513677358627319 .:0.033157799392938614 ..:0.003207978093996644 ":0.0018814108334481716 .:0.0014640612062066793 ':0.0007605560822412372 ::0.0005912860506214201 I:0.0005271198460832238 !:0.0003561633639037609 ;:0.00030907674226909876 :0.006376812525559217
bie:0.0963236540555954 [:0.08483031392097473 !:0.04912435635924339 n:0.043277859687805176 ,:0.04318254068493843 (:0.04155855253338814 ber:0.030801601707935333 ::0.030679088085889816 ':0.029303379356861115 .:0.02783069759607315 :0.5230879560112953
wsi:0.020224209874868393 miejsc:0.018546145409345627 spraw:0.017632653936743736 miast:0.0165312048047781 walk:0.013817951083183289 gmin:0.013534311205148697 wypadków:0.013230879791080952 sądu:0.011468677781522274 granic:0.011095816269516945 wiosek:0.010847303085029125 :0.8530708467587829
Kraków:0.1756613403558731 Warszawa:0.12959793210029602 Lwów:0.07073803246021271 1:0.05825647711753845 Poznań:0.03336664289236069 Kielce:0.017841866239905357 7:0.01619863696396351 Tarnów:0.016017554327845573 II:0.015812566503882408 Petersburg:0.014752206392586231 :0.45175674464553595
lekarstwo:0.5624290704727173 lekarstwa:0.07258198410272598 ulgę:0.07214032858610153 środki:0.03865659609436989 radę:0.03780572861433029 sposób:0.03625945746898651 lek:0.0194693710654974 odpowiedź:0.013700269162654877 środek:0.012567783705890179 ulgi:0.010064596310257912 :0.12432481441646814
z:0.06407053768634796 7:0.030008554458618164 17:0.020984340459108353 16:0.02030676230788231 2:0.019539253786206245 1:0.01778726652264595 13:0.017606109380722046 11:0.01744585670530796 14:0.016209611669182777 18:0.01453387551009655 :0.7615078315138817
':0.16459345817565918 ::0.1398155242204666 .:0.12626606225967407 ;:0.06391382217407227 ,:0.06226872652769089 ":0.043695855885744095 ..:0.03845719248056412 -:0.025171153247356415 l:0.019850721582770348 .:0.019099246710538864 :0.29686823673546314
już:0.10240919142961502 dopiero:0.10097207129001617 łoby:0.0700477808713913 dwa:0.05296967178583145 tylko:0.04428935796022415 jedynie:0.022139135748147964 niewątpliwie:0.021905384957790375 nam:0.018572960048913956 juz:0.018206050619482994 pewne:0.0140440808609128 :0.5344443144276738
ie:0.10557929426431656 .:0.08600489795207977 ':0.06435120105743408 ::0.05266688019037247 ,:0.0273515023291111 y:0.023595113307237625 !:0.019196767359972 ia:0.013368938118219376 .:0.011253791861236095 na:0.010275524109601974 :0.586356089450419
::0.22653624415397644 ':0.09037332981824875 ,:0.05536609888076782 l:0.028048541396856308 ;:0.0259547159075737 b:0.02377018705010414 .:0.02101309783756733 !:0.019976267591118813 ":0.012660880573093891 :0.4963006367906928
cale:0.05619477853178978 i:0.04542605206370354 -:0.03348283842206001 .:0.031902991235256195 nasze:0.022755900397896767 I:0.019015425816178322 przez:0.01863028295338154 a:0.015851084142923355 ':0.015170383267104626 ::0.014391617849469185 :0.7271786453202367
nej:0.5606558322906494 niczej:0.1302621066570282 Człowieka:0.1070442646741867 nej:0.025275858119130135 nych:0.018859529867768288 .:0.013270032592117786 dy:0.006775840185582638 Obywatelskich:0.006607261020690203 Zagranicznych:0.0059363385662436485 Morza:0.005665493663400412 :0.11964744236320257
pisma:0.9990407824516296 dokumentu:0.0004202493582852185 środka:0.00017684613703750074 pełnomocnictwa:0.00016613442858215421 listu:3.189169365214184e-05 pismo:2.6374422304797918e-05 pism:2.551046054577455e-05 piśmie:2.478337955835741e-05 pełnomocnika:1.6599846276221797e-05 wezwania:6.137229775049491e-06 :6.46905923531449e-05
.:0.981033444404602 ...:0.01035961415618658 !:0.0028418139554560184 ,:0.002199182054027915 ::0.0010967982234433293 ..:0.0004897855687886477 .:0.00037935146247036755 ....:0.0002754274755716324 ;:0.00027517956914380193 -:0.0002403986727586016 :0.0008090044575510547
w:0.9934051632881165 na:0.0032210780773311853 we:0.0012410335475578904 z:0.0005718701868318021 W:0.0005692778504453599 VI:0.00022843075566925108 w:0.00010563674004515633 IV:0.00010438213939778507 miasta:3.480777013464831e-05 V:2.7155643692822196e-05 :0.0004911640007776441
bie:0.1559237241744995 ::0.12468034774065018 !:0.06729792058467865 ber:0.043809808790683746 ':0.04366897791624069 ,:0.04078315198421478 ):0.036100152879953384 ;:0.0231051966547966 [:0.019255872815847397 (:0.017056992277503014 :0.42831785418093204
bytej:0.47417911887168884 Rusi:0.059032272547483444 Wołyniu:0.05725817754864693 Ukrainie:0.05259048193693161 Litwie:0.043832842260599136 nowo:0.03261710703372955 Wschodzie:0.028496500104665756 Węgrzech:0.015564068220555782 wzór:0.011306795291602612 miejscu:0.011070129461586475 :0.21405250672250986
ki:0.05958540737628937 ty:0.023344706743955612 ry:0.014431568793952465 nki:0.013376327231526375 e:0.013019956648349762 !:0.012420754879713058 czki:0.012193696573376656 .:0.010403832420706749 tki:0.009601468220353127 ny:0.009461421519517899 :0.8221608595922589
głowy:0.3423163890838623 mdłości:0.09424740076065063 żołądka:0.0760548859834671 osłabienie:0.07105284929275513 brzucha:0.02554326504468918 gorączki:0.023888953030109406 dreszcze:0.02378116548061371 gorączka:0.020250871777534485 nóg:0.016680072993040085 gardła:0.015450927428901196 :0.2907332191243768
,:0.058327943086624146 ::0.05001801624894142 ':0.03691999986767769 ś:0.0300984438508749 jest:0.024192392826080322 _:0.021659504622220993 wraz:0.017348719760775566 kolwiek:0.01700490713119507 eh:0.016906721517443657 ;:0.016263656318187714 :0.7112596947699785
::0.055647943168878555 1:0.0410928800702095 ,:0.03422078862786293 i:0.030927907675504684 ':0.029134102165699005 -:0.02756659872829914 l:0.026027176529169083 .:0.02504938468337059 r:0.0213078111410141 ;:0.020103076472878456 :0.688922330737114
,:0.6596199870109558 ::0.2423146814107895 ;:0.04390336945652962 i:0.021622434258461 .:0.01592435874044895 -:0.0023658387362957 oraz:0.001984340138733387 -:0.0013490457786247134 ':0.0008580241701565683 .:0.0008175807888619602 :0.009240339510142803
która:0.9889186024665833 gdyż:0.0029983678832650185 jaka:0.001538428128696978 ponieważ:0.00131098716519773 albowiem:0.0006406923639588058 chociaż:0.0004397157463245094 które:0.0003781776176765561 już:0.000356910633854568 bowiem:0.0003194088931195438 jakkolwiek:0.0002617088030092418 :0.0028370002983137965
«:0.857114315032959 *:0.03367484733462334 »:0.02801290526986122 ":0.026948045939207077 <:0.003938514273613691 “:0.0038774278946220875 ':0.003221153514459729 >:0.0019218397792428732 .:0.0017620495054870844 II:0.0015951782697811723 :0.03793372318614274
,:0.6298916339874268 i:0.18089015781879425 a:0.10906757414340973 .:0.01787032000720501 ;:0.016586842015385628 1:0.008697230368852615 .:0.00853936281055212 lub:0.005643932148814201 I:0.0018728852737694979 l:0.0010709958150982857 :0.019869065610691905
komunistów:0.5102788805961609 partii:0.18839293718338013 partyj:0.09312262386083603 komunistyczne:0.08021977543830872 robotników:0.04695136100053787 polityczne:0.012200361117720604 partyjnych:0.004067067988216877 kobiet:0.002964656800031662 PZPR:0.0028790284413844347 komunizmu:0.001936589484103024 :0.056986718089319766
.:0.5807404518127441 ?:0.15043671429157257 ...:0.12799999117851257 !:0.064643993973732 ,:0.014622218906879425 ..:0.014205615036189556 .:0.004673181101679802 ":0.004036836791783571 l:0.0035783431958407164 -:0.0030302463565021753 :0.032032407354563475
.:0.5723453164100647 ,:0.202923983335495 !:0.01735795848071575 w:0.01618126407265663 z:0.013001812621951103 ::0.012656891718506813 na:0.011203326284885406 do:0.00997722428292036 ':0.009851323440670967 .:0.009777726605534554 :0.12472317274659872
wszystkich:0.47963449358940125 obojga:0.09217002987861633 obu:0.08375322818756104 .:0.02256140299141407 samych:0.0162119809538126 !:0.015441958792507648 ):0.013939103111624718 dwojga:0.013369331136345863 i:0.011681296862661839 Wszystkich:0.010840494185686111 :0.24039668031036854
z:0.12227266281843185 ,:0.07742457836866379 o:0.050742827355861664 na:0.03980734944343567 w:0.0336325503885746 Z:0.03257295861840248 ::0.03256317600607872 .:0.02831399440765381 ':0.023632310330867767 a:0.02359389327466488 :0.5354436989873648
Dąbrowski:0.09874024987220764 Kozłowski:0.09288305044174194 Górski:0.05808715149760246 Zieliński:0.05076439306139946 Potocki:0.03929316624999046 Jankowski:0.03537853807210922 Wojciechowski:0.03196699917316437 Kamiński:0.03043443150818348 Grabowski:0.02928352728486061 Biskup:0.028962021693587303 :0.504206471145153
naukowej:0.7539204359054565 międzynarodowej:0.08106621354818344 gospodarczej:0.057433050125837326 technicznej:0.016376972198486328 morskiej:0.015115661546587944 ekonomicznej:0.011826484464108944 przemysłowej:0.005935918539762497 ekspertów:0.004923095926642418 finansowej:0.0044116126373410225 handlowej:0.0036930355709046125 :0.045297519536688924
ukrycia:0.5731009840965271 znajdujące:0.03848797827959061 schronienia:0.035545963793992996 utrzymania:0.03206842020153999 znajdujących:0.031409915536642075 znajdującego:0.026447027921676636 utrzymywania:0.02494339644908905 zaopatrzenia:0.021307887509465218 poruszania:0.017122186720371246 zbierania:0.012668793089687824 :0.18689744640141726
':0.2112300992012024 .:0.08627808839082718 ":0.08616986870765686 “:0.06467971950769424 ::0.06410567462444305 „:0.04930861294269562 ,:0.04149327799677849 °:0.040328580886125565 i:0.03698476031422615 ;:0.030747678130865097 :0.28867363929748535
ben:0.15226560831069946 ber:0.1446811407804489 mit:0.06027964502573013 in:0.053247757256031036 im:0.02833315171301365 um:0.028318913653492928 ,:0.027582164853811264 bie:0.022200291976332664 .:0.020192712545394897 ober:0.016984714195132256 :0.4459138996899128
wskazuje:0.4220942258834839 sugeruje:0.07863525301218033 zakłada:0.06775408238172531 oznacza:0.06071515008807182 wykazuje:0.04350137338042259 dowodzi:0.03227030485868454 mówi:0.028877411037683487 stwierdza:0.02681555226445198 uczy:0.02126920223236084 powiada:0.018429970368742943 :0.19963747449219227
przez:0.3167848289012909 go:0.1299089640378952 ich:0.04547365382313728 uczelni:0.045220404863357544 ,:0.03960072994232178 je:0.034039683640003204 ":0.027940740808844566 na:0.018775761127471924 jego:0.015851041302084923 szkoły:0.015017887577414513 :0.31138630397617817
r:0.32677149772644043 n:0.3202672302722931 w:0.0984266847372055 d:0.04039045050740242 k:0.03810904547572136 t:0.03209158778190613 s:0.021513037383556366 m:0.019799543544650078 l:0.019609224051237106 ł:0.01046782173216343 :0.07255387678742409
z:0.5639062523841858 nieuf:0.18153664469718933 ze:0.034445542842149734 wrogo:0.01776711829006672 bez:0.0163421630859375 ,:0.014851241372525692 podejrzliwie:0.005756516009569168 tylko:0.0054218280129134655 ujem:0.005204835906624794 krytycznie:0.004828251898288727 :0.14993960550054908
się:0.9669151902198792 sie:0.007384896278381348 si:0.0038904056418687105 uwagę:0.0016138151986524463 go:0.0013032406568527222 sio:0.001169288530945778 Się:0.0005918882670812309 tylko:0.0005558632547035813 ,:0.00046938814921304584 sę:0.00043188652489334345 :0.015674137277528644
rozwija:0.2518680989742279 trzyma:0.24175946414470673 ma:0.13054139912128448 czuje:0.06855654716491699 zachowuje:0.03570328280329704 robi:0.03442712500691414 prowadzi:0.02904617041349411 udaje:0.025684738531708717 nadaje:0.014677773229777813 przedstawia:0.013978354632854462 :0.1537570459768176
jest:0.31000328063964844 było:0.18395836651325226 o:0.10000897943973541 na:0.07563197612762451 i:0.04124670475721359 przez:0.03262723982334137 poprzez:0.01357551570981741 spowodowała:0.01284546684473753 się:0.012553000822663307 ,:0.011332777328789234 :0.20621669199317694
ch:0.1933732032775879 l:0.05041181296110153 le:0.03936644643545151 z:0.02591796964406967 k:0.02482268586754799 chem:0.016008689999580383 ,:0.015092147514224052 J:0.014134936034679413 c:0.013081459328532219 g:0.01280135940760374 :0.5949892895296216
szeroki:0.10198485851287842 bogaty:0.09249386936426163 oraz:0.07053378969430923 cały:0.06584078073501587 ,:0.04573262482881546 nowy:0.04440270736813545 i:0.04050774127244949 duży:0.03993434086441994 wielki:0.02803618088364601 pełny:0.02688571810722351 :0.443647388368845
.:0.9944224953651428 ,:0.003660749876871705 ..:0.000544998561963439 .:0.00033694523153826594 !:0.0001196844459627755 ::0.00011595203977776691 ;:9.631196735426784e-05 ...:8.79370782058686e-05 -:8.446307765552774e-05 i:6.576185114681721e-05 :0.00046470050438074395
.:0.10774042457342148 l:0.05929400399327278 ":0.05487481504678726 ,:0.04448914900422096 w:0.03495781496167183 m:0.03027462400496006 ':0.02470431663095951 W:0.02345052920281887 Porozumie:0.017977194860577583 I:0.014859281480312347 :0.5873778462409973
ą:0.9895899891853333 ę:0.004938363563269377 Ą:0.0028811374213546515 ą:0.00047988281585276127 q:0.00042081778519786894 a:0.000399769633077085 ją:0.00021515377738978714 są:0.00012423962471075356 y:9.36297801672481e-05 rzą:7.772336539346725e-05 :0.0007792930482537486
dnie:0.42185065150260925 ne:0.06066078692674637 d:0.05027564615011215 de:0.04335884004831314 dane:0.04112306609749794 dy:0.03094053640961647 te:0.029639756307005882 one:0.02198580652475357 dna:0.018177246674895287 godne:0.018165601417422295 :0.26382206194102764
opisał:0.7773191332817078 opisuje:0.10482955724000931 przedstawił:0.021846717223525047 określił:0.01585768535733223 wyjaśnił:0.009358434937894344 zaprezentował:0.008228758350014687 omawia:0.004610714502632618 przedstawia:0.0036602471955120564 ujął:0.0032902932725846767 wykazał:0.0028482337947934866 :0.04815022484399378
,:0.2483757883310318 stanowi:0.22757968306541443 jest:0.11786225438117981 czyni:0.05123700946569443 s:0.05020667240023613 .:0.022648487240076065 tworz:0.019722098484635353 Jest:0.015756957232952118 by:0.01443751435726881 S:0.01227675098925829 :0.21989678405225277
osób:0.3904239535331726 ludzi:0.13777507841587067 piersi:0.07254035770893097 głosów:0.07148304581642151 dusz:0.04690512642264366 kroków:0.025939268991351128 mężczyzn:0.023875823244452477 kobiet:0.020409535616636276 istot:0.019460024312138557 gości:0.009602362290024757 :0.1815854236483574
się:0.9910359382629395 sie:0.0016381553141400218 społecznym:0.0015751493629068136 dzieci:0.0007381386240012944 si:0.0005560641875490546 dorosłych:0.00041983253322541714 Się:0.00028536919853650033 uczniów:0.00024336726346518844 się:0.00023489190789405257 sią:0.00023306507500819862 :0.0030400282703340054
.:0.30587002635002136 ,:0.07781226187944412 ':0.0716351568698883 ::0.04092710092663765 -:0.03695664554834366 ":0.029101509600877762 S:0.021594686433672905 ..:0.01783895120024681 ;:0.01716609112918377 I:0.013128490187227726 :0.36796907987445593
.:0.40701591968536377 odpowiednimi:0.17377392947673798 ':0.05681362375617027 dwoma:0.021854277700185776 ,:0.020963924005627632 ":0.017427818849682808 ::0.012841612100601196 ;:0.01178482174873352 właściwymi:0.009101039730012417 trzema:0.007045499049127102 :0.26137753389775753
kolejowe:0.10716460645198822 dla:0.06625822931528091 komunikacyjne:0.060975704342126846 elektryczne:0.05368370562791824 i:0.035771869122982025 i:0.033334970474243164 do:0.030705107375979424 komunikacji:0.025796344503760338 wszystkich:0.02108027972280979 kolei:0.02062385156750679 :0.5446053314954042
':0.1182468980550766 V:0.10905971378087997 1:0.06213442236185074 ):0.03964701294898987 I:0.0387386791408062 .:0.03085622377693653 ::0.030471011996269226 ,:0.030075257644057274 ":0.02636631391942501 3:0.022829091176390648 :0.49157537519931793
K:0.4397016167640686 G:0.1328210085630417 W:0.0904722809791565 B:0.06500621885061264 M:0.049877557903528214 T:0.04134789854288101 P:0.03228283300995827 D:0.025311356410384178 F:0.019916966557502747 S:0.014752949588000774 :0.08850931283086538
10:0.2608659863471985 ':0.10432415455579758 .:0.07609827071428299 ":0.06687220931053162 ..:0.05116358399391174 ::0.03221241757273674 ,:0.02740021049976349 15:0.02109779603779316 ):0.014235866256058216 !:0.013855591416358948 :0.33187391329556704
w:0.03167019411921501 n:0.027279473841190338 prac:0.02614472433924675 l:0.02213239297270775 m:0.02155521884560585 s:0.015752488747239113 I:0.014101948589086533 t:0.01261562667787075 W:0.011336293071508408 1:0.010636227205395699 :0.8067754115909338
6:0.034559573978185654 7:0.03411751613020897 5:0.03318193554878235 10:0.03138631954789162 2:0.027238549664616585 8:0.02578662894666195 4:0.02383572608232498 1:0.022984016686677933 20:0.022780591621994972 30:0.02274271287024021 :0.7213864289224148
':0.07725807279348373 ,:0.06305469572544098 ::0.05507906526327133 !:0.02595505304634571 ;:0.024923531338572502 ):0.023296955972909927 ]:0.017619626596570015 _:0.017251349985599518 l:0.01581551879644394 bił:0.012010935693979263 :0.6677351947873831
,:0.8068686723709106 .:0.12244511395692825 w:0.005307666026055813 ':0.0036667538806796074 ::0.0031913870479911566 ludowego:0.003140893531963229 miejskiego:0.003010772168636322 ":0.002411341294646263 rosyjskiego:0.002332044765353203 .:0.002190450206398964 :0.045434904750436544
metalowych:0.59063720703125 żelaznych:0.08239643275737762 przemysłowych:0.04022742062807083 drewnianych:0.03827458620071411 stalowych:0.036617424339056015 mechanicznych:0.01277198176831007 budowlanych:0.011724410578608513 górniczych:0.010630901902914047 gotowych:0.009161648340523243 kamiennych:0.00869277399033308 :0.15886521246284246
prędzej:0.2067648470401764 innego:0.18808674812316895 sik:0.17900389432907104 lepszego:0.09975902736186981 takiego:0.062388915568590164 ś:0.027854885905981064 nowego:0.02634562738239765 najprędzej:0.025364432483911514 zrobić:0.00970401894301176 nieco:0.008855417370796204 :0.16587218549102545
':0.28977400064468384 ":0.11477961391210556 ,:0.07781435549259186 ):0.041856251657009125 (:0.03925507515668869 I:0.021109379827976227 .:0.020346801728010178 a:0.019519150257110596 !:0.019272657111287117 ..:0.019076647236943245 :0.33719606697559357
Józef:0.029036613181233406 Jan:0.028762713074684143 Stanisław:0.02824609912931919 który:0.02577781490981579 oraz:0.021161869168281555 Andrzej:0.019456833600997925 Franciszek:0.01712634414434433 Janusz:0.016124313697218895 Tadeusz:0.015854904428124428 Kazimierz:0.01296161487698555 :0.7854908797889948
':0.13211385905742645 ,:0.11798769980669022 ..:0.10400111228227615 ":0.10176287591457367 ::0.0773160308599472 !:0.0482625812292099 I:0.037402354180812836 ;:0.026509901508688927 ...:0.02615414373576641 ....:0.013337555341422558 :0.3151518860831857
aby:0.6631573438644409 by:0.14265720546245575 ażeby:0.12129788845777512 żeby:0.020807664841413498 zamiast:0.005170237738639116 prosimy:0.005050093866884708 mające:0.003404210088774562 i:0.002855701604858041 chcąc:0.00279702409170568 postanowiliśmy:0.0025862175971269608 :0.03021641238592565
E:0.3246365785598755 C:0.10679640620946884 c:0.07666199654340744 e:0.052015263587236404 c:0.05117456614971161 f:0.04585876315832138 <:0.0448424406349659 t:0.019667167216539383 Q:0.017155464738607407 ::0.010872931219637394 :0.25031842198222876
,:0.06256655603647232 ":0.047869984060525894 ':0.042628128081560135 .:0.03575820475816727 t:0.029223628342151642 J:0.026415249332785606 l:0.02632792852818966 ::0.02554154209792614 o:0.025407318025827408 1:0.024276291951537132 :0.6539851687848568
,:0.122579425573349 ':0.08699314296245575 ":0.07445894181728363 i:0.046700600534677505 ::0.04298725724220276 .:0.03313072398304939 ..:0.030371394008398056 I:0.02661706879734993 ;:0.024039821699261665 l:0.019189810380339622 :0.4929318130016327
py:0.861933708190918 pnie:0.013106606900691986 ty:0.012773966416716576 p:0.011242859996855259 y:0.00878993235528469 ki:0.008633693680167198 by:0.00814239401370287 sy:0.0069937510415911674 pie:0.005250110290944576 wy:0.004918147809803486 :0.05821482930332422
do:0.9356513023376465 na:0.04958562180399895 dnia:0.002450092462822795 od:0.0016936048632487655 z:0.0016682212008163333 do:0.001296770991757512 o:0.0011464543640613556 dn:0.0011144195450469851 da:0.0006267264834605157 d:0.00030759943183511496 :0.004459186515305191
,:0.8281184434890747 .:0.09023010730743408 oraz:0.028419682756066322 i:0.013210093602538109 ;:0.005152334459125996 .:0.004807590506970882 ..:0.004061034414917231 lub:0.0027788374572992325 ':0.0017282732296735048 z:0.0010186705039814115 :0.020474932272918522
of:0.7173179984092712 and:0.2017230987548828 to:0.021436799317598343 in:0.011150660924613476 for:0.011026428081095219 on:0.007070494815707207 with:0.00548346946015954 or:0.003579347627237439 by:0.0030781077221035957 ,:0.0024516438134014606 :0.015681951073929667
::0.04485955834388733 .:0.0378405787050724 ':0.036705806851387024 l:0.02726253680884838 tą:0.025838254019618034 ,:0.024674931541085243 !:0.018363647162914276 W:0.017847148701548576 I:0.01680668257176876 N:0.014490974135696888 :0.7353098811581731
zajął:0.7378696203231812 zdobył:0.047183696180582047 zajęła:0.013720517978072166 zajmuje:0.012944593094289303 otrzymał:0.010277281515300274 I:0.007440611720085144 zaję:0.0069054230116307735 zajmował:0.006849848199635744 zajmie:0.006794352550059557 zajęli:0.005765961483120918 :0.14424809394404292
ono:0.20287367701530457 silny:0.129673570394516 duży:0.09273045510053635 ogromny:0.06668355315923691 głęboki:0.04052623733878136 on:0.03814224898815155 wielki:0.03463517874479294 pewien:0.02875637635588646 ciągły:0.019203104078769684 ona:0.017619304358959198 :0.329156294465065
jeśli:0.3963887691497803 jeżeli:0.29133978486061096 gdy:0.13521890342235565 jak:0.07662641257047653 kiedy:0.04625694081187248 skoro:0.01509562972933054 że:0.0073975613340735435 nas:0.0035145801957696676 mnie:0.0029573189094662666 kogo:0.0028462291229516268 :0.022357869893312454
,:0.26458939909935 .:0.17078940570354462 I:0.07903622090816498 .:0.03665688633918762 i:0.03328302502632141 pan:0.012674395926296711 mówi:0.011863808147609234 !:0.011261827312409878 Pan:0.011137577705085278 l:0.008393369615077972 :0.3603140842169523
(:0.22339247167110443 l:0.18417641520500183 f:0.06607380509376526 ):0.02718336135149002 ::0.018014784902334213 {:0.016122957691550255 ,:0.01589747704565525 C:0.015519573353230953 I:0.013875627890229225 1:0.013857908546924591 :0.40588561724871397
c:0.0913766548037529 d:0.08096873760223389 m:0.029905740171670914 d:0.028643164783716202 r:0.02590227499604225 si:0.02331279218196869 ::0.01832830347120762 s:0.0174173004925251 dz:0.016502780839800835 ,:0.016149669885635376 :0.6514925807714462
(:0.99819415807724 ,:0.0006456417613662779 {:0.0004521867376752198 [:0.00016419767052866518 .:7.115255721146241e-05 <:6.398508412530646e-05 ;:5.543777297134511e-05 /:4.256288957549259e-05 —:2.9877783163101412e-05 w:2.4516539269825444e-05 :0.00025628312687331345
ber:0.23371270298957825 ?:0.10982135683298111 ::0.04192700237035751 bie:0.033581193536520004 ,:0.025601418688893318 ':0.022487668320536613 !:0.022069590166211128 ben:0.02203686535358429 .:0.01987241767346859 “:0.01759752631187439 :0.4512922577559948
tak:0.42381536960601807 !:0.04971638321876526 ":0.03025163523852825 l:0.02782009355723858 ,:0.026233142241835594 ':0.025159642100334167 nie:0.01967559941112995 lak:0.014192401431500912 .:0.01176418550312519 ::0.010879875160753727 :0.3604916725307703
i:0.38867610692977905 n:0.03513980284333229 l:0.03181690722703934 o:0.026899412274360657 I:0.026834610849618912 ':0.024021174758672714 r:0.022180579602718353 j:0.01995326206088066 ::0.01931796409189701 z:0.0184427909553051 :0.3867173884063959
nich:0.9938656687736511 ich:0.002313731936737895 których:0.0004902458167634904 tych:0.00043781704152934253 nikogo:0.0003451461670920253 niego:0.0003348891332279891 niej:0.0002476288645993918 nas:0.0001919418282341212 wszystkich:0.0001419877225998789 poetów:0.0001408442185493186 :0.001490098497015424
wykonania:0.4769306480884552 realizacji:0.12332113832235336 podjętych:0.10989455133676529 wykonywania:0.055930301547050476 naruszenia:0.03265168145298958 spełnienia:0.02379416674375534 wypełnienia:0.018727123737335205 podjęcia:0.015558294951915741 przyjęcia:0.011404771357774734 zrealizowania:0.010372898541390896 :0.12141442392021418
m:0.10045494139194489 !:0.06172981113195419 <:0.0469498336315155 ::0.03271115571260452 ':0.03194350004196167 ,:0.025699608027935028 J:0.024749906733632088 j:0.023776207119226456 1:0.023128928616642952 E:0.020660515874624252 :0.6081955917179585
,:0.7980117797851562 miasta:0.059497132897377014 Ministrów:0.030499301850795746 Warszawy:0.014046648517251015 Miasta:0.012595994397997856 Państwa:0.008734771981835365 Rządu:0.008697250857949257 Senatu:0.0055322167463600636 Skarbu:0.004472126252949238 .:0.003414989449083805 :0.05449778726324439
nie:0.7518562078475952 jednak:0.0716569796204567 li:0.04936908185482025 jednym:0.02165072038769722 już:0.010169383138418198 więc:0.007946297526359558 pierwszym:0.006195195950567722 bowiem:0.005740607623010874 przecież:0.0037492294795811176 oczywiście:0.0035057682543992996 :0.06816052831709385
':0.10748308897018433 \:0.07193577289581299 ,:0.06853066384792328 o:0.05154017359018326 l:0.0508665032684803 i:0.03120190091431141 t:0.026459453627467155 z:0.02437186986207962 .:0.02228797785937786 ":0.02073347195982933 :0.5245891232043505
znajdzie:0.26984769105911255 może:0.08341580629348755 ma:0.08156589418649673 o:0.06873307377099991 dostanie:0.03339091315865517 sobie:0.023302478715777397 idzie:0.021802440285682678 otrzyma:0.01614115573465824 znajduje:0.015903765335679054 przychodzi:0.014409597963094711 :0.371487183496356
piasku:0.1519739329814911 piaskiem:0.10713319480419159 blachy:0.09903779625892639 gliny:0.05484962835907936 cegły:0.051575422286987305 metalu:0.04751749709248543 waty:0.04505676031112671 drutu:0.04114823043346405 kory:0.04021872580051422 wodą:0.03339831903576851 :0.32809049263596535
.:0.1309719979763031 I:0.04789438098669052 l:0.037807807326316833 W:0.03631807118654251 l:0.029176682233810425 ,:0.028996434062719345 w:0.025945357978343964 ":0.022168928757309914 !:0.01606624759733677 1:0.01331750862300396 :0.6113365832716227
::0.12135609239339828 I:0.06809134781360626 1:0.060410335659980774 ;:0.05383428931236267 l:0.043868761509656906 .:0.041059460490942 ':0.04064040258526802 !:0.036508455872535706 ,:0.03578675538301468 J:0.03222566843032837 :0.4662184305489063
z:0.9583900570869446 Z:0.01496126875281334 ze:0.006140818819403648 7.:0.003058793256059289 w:0.0010024085640907288 7:0.0009135001455433667 ,:0.0006739679374732077 2:0.0006231947336345911 I:0.0005468206945806742 l:0.0005330411368049681 :0.013156128872651607
o:0.8779129981994629 po:0.08916764706373215 poświęcony:0.008832110092043877 0:0.006823715288192034 przy:0.002601129002869129 O:0.002329738810658455 na:0.0018097797874361277 PO:0.0012523955665528774 z:0.0005904224817641079 Po:0.0005285416264086962 :0.008151522080879658
b:0.23499204218387604 nie:0.16480356454849243 m:0.04128038138151169 n:0.040534522384405136 bę:0.02217724174261093 wi:0.020357539877295494 jest:0.014467756263911724 mniej:0.013917023316025734 ,:0.013901225291192532 brak:0.012850156985223293 :0.420718546025455
;:0.2526112198829651 ':0.2432890385389328 ::0.20778915286064148 ,:0.06526066362857819 !:0.051921188831329346 ):0.0473126620054245 ":0.025912273675203323 >:0.013308368623256683 ?:0.009629749692976475 }:0.006500433664768934 :0.07646524859592319
J:0.14925597608089447 ,:0.08102046698331833 do:0.03799012303352356 I:0.028187334537506104 i:0.02437317743897438 W:0.022894777357578278 D:0.018949706107378006 w:0.01829848624765873 l:0.017640866339206696 1:0.01662266254425049 :0.584766423329711
problemy:0.4609922170639038 trudności:0.2754732072353363 kłopoty:0.22325102984905243 problem:0.028100116178393364 kłopot:0.006995139177888632 trudność:0.002623142208904028 problemów:0.00032641590223647654 kłopotów:0.0002326921239728108 kontakt:0.00017400083015672863 utrudnienia:9.638866322347894e-05 :0.0017356507669319399
gdyż:0.2305469810962677 ponieważ:0.20995546877384186 że:0.12517420947551727 gdy:0.10568465292453766 bowiem:0.059789497405290604 albowiem:0.031444478780031204 a:0.026646703481674194 iż:0.024718409404158592 bo:0.02457509934902191 kiedy:0.020693739876151085 :0.14077075943350792
Nowak:0.030942361801862717 Koch:0.028842497617006302 Klein:0.022072233259677887 Beck:0.013938916847109795 Reich:0.012885196134448051 Schmidt:0.01261717639863491 Mann:0.009780698455870152 Kowalski:0.00924433209002018 Gross:0.009184479713439941 Smith:0.008325022645294666 :0.8421670850366354
1:0.09760013222694397 ':0.07537998259067535 l:0.07499393820762634 J:0.05688949301838875 V:0.056486789137125015 I:0.044341422617435455 .:0.043891169130802155 i:0.03669528663158417 j:0.0334465391933918 \:0.027249839156866074 :0.4530254080891609
dnie:0.8476152420043945 głębi:0.09034901112318039 wodach:0.013719880022108555 pobliżu:0.009920110926032066 środku:0.0065649645403027534 głębokości:0.0034721726551651955 łonie:0.002577402163296938 wodzie:0.0025434810668230057 falach:0.002426987746730447 powierzchni:0.0020141475833952427 :0.018796600168570876
,:0.06834373623132706 u:0.06347522139549255 .:0.037830058485269547 ::0.02441001683473587 tów:0.02225051447749138 ru:0.02203197032213211 łu:0.02130988985300064 a:0.020775334909558296 ':0.01920662447810173 bilansu:0.018450917676091194 :0.6819157153367996
\:0.9999494552612305 ':2.3110635083867237e-05 ":5.018257070332766e-06 ::4.915266799798701e-06 ,:2.802360540954396e-06 V:1.5030684608063893e-06 ;:1.4216170711733866e-06 <:1.2356972547422629e-06 v:1.2119745633754064e-06 ):9.500313922217174e-07 :8.375830532258988e-06
przekona:0.6447071433067322 dowie:0.12197896093130112 okaże:0.037863072007894516 dowiemy:0.024911193177103996 dzą:0.016561971977353096 cieszą:0.010572051629424095 przyzna:0.00805681012570858 zrozumie:0.00792378094047308 przekonać:0.0071050128899514675 domyśla:0.004883534274995327 :0.11543646873906255
':0.14899961650371552 ..:0.12213470786809921 ,:0.0861472338438034 ...:0.07715451717376709 ":0.058982133865356445 .:0.0488225594162941 ł:0.044498782604932785 ::0.03941407799720764 !:0.035260267555713654 ....:0.01986517570912838 :0.3187209274619818
się:0.40020397305488586 w:0.14971482753753662 s:0.11067675799131393 o:0.037826407700777054 po:0.01855357177555561 p:0.013287818990647793 d:0.01274228747934103 c:0.01256058644503355 e:0.011254877783358097 we:0.0110814543440938 :0.22209743689745665
J:0.11878567188978195 Wi:0.032217178493738174 W:0.03151453658938408 R:0.030898181721568108 Sp:0.02857314981520176 Dzi:0.027115771546959877 Z:0.024124626070261 Rz:0.023310095071792603 T:0.018984656780958176 P:0.017472947016358376 :0.6470031850039959
,:0.9905214309692383 .:0.004069044254720211 i:0.003852008143439889 oraz:0.0006152988062240183 ;:0.0005566104082390666 ":3.7920890463283285e-05 ::3.783174543059431e-05 ):3.380150519660674e-05 I:2.6597552277962677e-05 ':1.761997555149719e-05 :0.00023183574921858963
):0.2865036725997925 5:0.03607892617583275 2:0.033822137862443924 1:0.0332932323217392 3:0.0279360543936491 .:0.02688155137002468 ,:0.0268528051674366 4:0.02132309600710869 ":0.014453710056841373 12:0.011930789798498154 :0.48092402424663305
a:0.1333436667919159 w:0.10610198229551315 y:0.03765347599983215 ':0.03753054514527321 ym:0.025652965530753136 ,:0.022339072078466415 tym:0.021594835445284843 na:0.02044801600277424 .:0.01986723020672798 ie:0.017236322164535522 :0.5582318883389235
wy:0.1307772845029831 ziemi:0.08084432035684586 skalne:0.07504308968782425 skał:0.059497274458408356 górskie:0.04234273359179497 gór:0.04208146780729294 kamienne:0.03627040609717369 lodu:0.03441724181175232 powietrza:0.03172425180673599 marmuru:0.027307331562042236 :0.4396945983171463
,:0.8709697127342224 .:0.1118854507803917 ::0.0037269513122737408 ':0.0017192675732076168 ;:0.001501188613474369 .:0.0011828370625153184 _:0.0009910392109304667 ":0.0006433629896491766 ..:0.0006419178680516779 !:0.0005299078184179962 :0.006208364036865532
/:0.9063260555267334 ):0.018783988431096077 ]:0.015499606728553772 ':0.01459704339504242 ":0.011350682936608791 ::0.008110838010907173 ,:0.00424086581915617 !:0.0029968831222504377 ?:0.002802480012178421 }:0.002278458559885621 :0.013013097457587719
,:0.8020868897438049 ::0.09245862811803818 /:0.033706407994031906 .:0.025059178471565247 ':0.009749175980687141 ;:0.006905161775648594 -:0.003007633611559868 1,:0.001129241194576025 3,:0.0010290294885635376 2,:0.0009524612687528133 :0.02391619235277176
sobą:0.9397141933441162 niemi:0.022541774436831474 masą:0.004906343296170235 drugą:0.0029352488927543163 nią:0.0027891616337001324 nimi:0.0022434573620557785 wodą:0.0020251604728400707 jedną:0.001965477131307125 lane:0.0014176347758620977 kołem:0.0013043023645877838 :0.018157246289774776
2:0.012411319650709629 3:0.012114115059375763 7:0.011981799267232418 5:0.01196925900876522 1:0.010939661413431168 6:0.010488912463188171 4:0.009952281601727009 9:0.00993290077894926 8:0.008664670400321484 17:0.0072261868044734 :0.8943188935518265
7:0.9971279501914978 VII:0.0012774497736245394 1:0.0003189092967659235 6:0.000230063044000417 5:0.00013150193262845278 77:0.00011490121687529609 17:0.00010654755897121504 3:8.814386819722131e-05 7-:4.7785531933186576e-05 7:4.4825414079241455e-05 :0.0005119221714267042
a:0.6414574384689331 zaś:0.14823657274246216 natomiast:0.04864299297332764 oraz:0.03600596264004707 inne:0.017924921587109566 jako:0.011134837754070759 i:0.009556676261126995 wreszcie:0.006682938430458307 specyficzne:0.005099105648696423 ciężkie:0.00457791518419981 :0.07068063830956817
nabywców:0.32746222615242004 sprzedaż:0.11211259663105011 klientów:0.07039740681648254 klienta:0.06587103009223938 nas:0.04342803731560707 zakup:0.0432249940931797 nich:0.02104124054312706 dostawę:0.020199378952383995 przydział:0.014055627398192883 transport:0.01405228953808546 :0.26815517246723175
':0.9509842395782471 ":0.010672387667000294 ):0.005439108237624168 ,:0.005423678085207939 ;:0.004064449109137058 ::0.003766248933970928 !:0.0021672346629202366 h:0.0017693632980808616 l:0.001417769817635417 >:0.001118087093345821 :0.013177433516830206
pracownicy:0.1756410002708435 pracodawcy:0.14563234150409698 dyrektorzy:0.11082231253385544 wnioskodawcy:0.0894051045179367 pracy:0.04657366871833801 zainteresowani:0.04446319863200188 autorzy:0.026336392387747765 wojewodowie:0.01827205717563629 posłowie:0.0162326842546463 specjaliści:0.009203245863318443 :0.3174179941415787
nych:0.07867386192083359 i:0.07611730694770813 z:0.06490831822156906 ':0.04727664589881897 ch:0.032699890434741974 a:0.02832207828760147 .:0.02475360967218876 h:0.0230631772428751 !:0.022855129092931747 ,:0.02228577993810177 :0.5790442023426294
.:0.11183076351881027 dla:0.10101988911628723 ':0.08039212226867676 I:0.04308052361011505 dzieci:0.036433145403862 ..:0.03468037769198418 ,:0.019788194447755814 w:0.015493245795369148 do:0.011802037246525288 ":0.011421344242990017 :0.5340583566576242
