się:0.13896110653877258 ie:0.0259071234613657 on:0.02098679170012474 n:0.01997225731611252 sie:0.016670584678649902 i:0.016273420304059982 ię:0.015642235055565834 ni:0.014838951639831066 i:0.014541562646627426 e:0.012277917936444283 :0.703928048722446
Medycznej:0.357270210981369 Pracy:0.09571915864944458 Społecznej:0.08756351470947266 Rehabilitacji:0.07878481596708298 Wojskowej:0.04711640253663063 Śledczej:0.04258381947875023 Organizacji:0.041083741933107376 Rodzin:0.029436027631163597 Morskiej:0.021893195807933807 Transportu:0.009878996759653091 :0.18867011554539204
Oxford:0.20088063180446625 British:0.03637087717652321 Cambridge:0.033376049250364304 National:0.03295312449336052 Columbia:0.02934827096760273 Harper:0.02633744478225708 Collins:0.026214657351374626 First:0.025826355442404747 BBC:0.02055242843925953 London:0.018320545554161072 :0.5498196147382259
.:0.9529529809951782 m:0.021467572078108788 .:0.004124568775296211 ,:0.0035132654011249542 -:0.0025431388057768345 :0.0022528294939547777 ::0.0005932379281148314 M:0.0005784487002529204 l:0.0005532391951419413 :0.011420718627050519
i:0.14131999015808105 ie:0.05522887408733368 i:0.044013652950525284 ji:0.026959048584103584 ii:0.02441975474357605 j:0.022108081728219986 y:0.016891276463866234 c:0.01440220233052969 e:0.013597759418189526 e:0.01335639227181673 :0.6277029672637582
wysokim:0.7936826944351196 najwyższym:0.028285259380936623 wysokich:0.024671407416462898 dużym:0.009717459790408611 poziomie:0.009329267777502537 wyższym:0.009111627005040646 niskim:0.007997452281415462 wysokości:0.006813887506723404 wysokiej:0.006802849471569061 dobrym:0.004987448453903198 :0.09860064648091793
):0.5462043285369873 ):0.3496967852115631 ?):0.07686568051576614 ...):0.006023387424647808 !):0.004368575755506754 )):0.003098646877333522 ”):0.0024079319555312395 ?:0.0022051457781344652 ?:0.0017463514814153314 .:0.0008314133156090975 :0.006551753147505224
":0.09056583046913147 i:0.05365663766860962 ,:0.05272913724184036 ":0.042959995567798615 \:0.04013502970337868 ':0.03792985528707504 .:0.03733055666089058 ^:0.023094341158866882 ):0.021288735792040825 ,:0.017233043909072876 :0.583076836541295
w:0.07023651897907257 f:0.038742151111364365 t:0.03503949195146561 i:0.0340866856276989 a:0.03206206113100052 u:0.024707308039069176 e:0.020494332537055016 r:0.014430955052375793 s:0.013234155252575874 l:0.013005590066313744 :0.7039607502520084
no:0.16149114072322845 n:0.07207303494215012 zdro:0.03356914967298508 członko:0.031635183840990067 podsta:0.020740924403071404 o:0.020393989980220795 d:0.01954757608473301 sędzi:0.01920901983976364 s:0.014545711688697338 właści:0.01409151777625084 :0.5927027510479093
(:0.25006893277168274 nie:0.11040625721216202 .:0.06700771301984787 ':0.051519665867090225 i:0.047409843653440475 ":0.045601435005664825 trudno:0.034657880663871765 ,:0.026919500902295113 „:0.014137662015855312 :0.35227110888808966
l:0.08624100685119629 ,:0.05940108373761177 .:0.03332798182964325 ,:0.028012027963995934 ':0.022626152262091637 .:0.02209940366446972 n:0.015391247346997261 ':0.015370126813650131 b:0.014599794521927834 1:0.013048636727035046 :0.6898825382813811
bitwy:0.3609769344329834 i:0.047489333897829056 wojny:0.03373438119888306 h:0.02464701421558857 twy:0.023914234712719917 w:0.023165475577116013 walk:0.022664181888103485 roku:0.017609454691410065 wy:0.012206602841615677 kampanii:0.01009275857359171 :0.42349962797015905
":0.05093074217438698 l:0.04223160818219185 ,:0.04002482444047928 ,:0.029352016746997833 ':0.028919341042637825 n:0.019598882645368576 i:0.019197823479771614 w:0.017626458778977394 ":0.015740755945444107 :0.7363775465637445
d:0.16599060595035553 t:0.13603375852108002 ad:0.13241195678710938 ek:0.05469385161995888 w:0.03202017396688461 tek:0.028957072645425797 l:0.024564022198319435 r:0.02434656396508217 b:0.018383920192718506 p:0.016509128734469414 :0.36608894541859627
t:0.048357944935560226 s:0.03690671548247337 i:0.028301140293478966 \:0.023157652467489243 ::0.022715894505381584 ,:0.022450562566518784 ":0.02055218443274498 c:0.018124788999557495 l:0.015508633106946945 g:0.01448350865393877 :0.7494409745559096
to:0.988120436668396 razem:0.008326642215251923 powyższe:0.0011636314447969198 co:0.0002670608228072524 To:0.00026112826890312135 jednak:0.0002604904875624925 te:0.00022696649830322713 takie:0.0001517845958005637 zaś:0.00012517126742750406 to:0.00010759609722299501 :0.0009890916335280053
,:0.34274715185165405 .:0.2525360882282257 -:0.03989729657769203 ;:0.02014559879899025 -:0.02001766487956047 ,:0.01993696205317974 .:0.0191358532756567 ..:0.015299443155527115 ::0.01519770547747612 /:0.013531875796616077 :0.24155435990542173
::0.08290722221136093 i:0.055489130318164825 ':0.050294212996959686 ,:0.037769779562950134 ;:0.035597335547208786 ):0.027036432176828384 t:0.026461161673069 r:0.0198100283741951 a:0.01856916770339012 ":0.018098441883921623 :0.6279670875519514
ciężkich:0.3283005654811859 bezpośrednich:0.10279802978038788 nocnych:0.03842747211456299 lokalnych:0.03712503984570503 dotychczasowych:0.03608178719878197 krótkich:0.03568223863840103 ostatnich:0.035013314336538315 tych:0.0315275713801384 dalszych:0.02871406450867653 licznych:0.025394845753908157 :0.3009350709617138
,:0.9056853652000427 ,:0.018630854785442352 ':0.01147734746336937 ::0.011329793371260166 ;:0.009596489369869232 .:0.008052220568060875 ":0.007009514607489109 ,,:0.0026044584810733795 „:0.0020208244677633047 -:0.001268411404453218 :0.02232472028117627
i:0.13274045288562775 le:0.11197925359010696 li:0.08630899339914322 n:0.04240326210856438 ni:0.04216823726892471 l:0.024183977395296097 ne:0.019546493887901306 lei:0.015596670098602772 it:0.012858230620622635 t:0.010220043361186981 :0.5019943853840232
\:0.07800231873989105 [:0.03534100204706192 .:0.026412101462483406 miasta:0.025806959718465805 ,:0.025145942345261574 ':0.02432890236377716 r:0.019965974614024162 ;:0.01808522455394268 ":0.011190970428287983 i:0.009644863195717335 :0.7260757405310869
.:0.2324657142162323 l:0.127266064286232 I:0.059798095375299454 :0.03844306617975235 i:0.023187043145298958 p:0.0224701389670372 a:0.02163637802004814 A:0.021012654528021812 *:0.019767818972468376 :0.4339530263096094
odpowiedź:0.26600903272628784 odpowiedzi:0.08546154946088791 lekarstwo:0.050349995493888855 sposób:0.036650702357292175 lekarstwa:0.017711633816361427 miejsce:0.012940621003508568 radę:0.01114602666348219 i:0.011124744080007076 czas:0.010049410164356232 zgodę:0.009924983605742455 :0.48863130062818527
10:0.051013994961977005 7:0.029905268922448158 12:0.028404828161001205 9:0.02809157967567444 8:0.027956774458289146 2:0.027260132133960724 11:0.02571532502770424 14:0.023852931335568428 6:0.02383919432759285 3:0.023339608684182167 :0.7106203623116016
n:0.317139208316803 ':0.08560240268707275 ":0.06127069890499115 .:0.029607556760311127 ,:0.02494005113840103 l:0.020230228081345558 ;:0.016874896362423897 ::0.015581981278955936 ..:0.014364544302225113 /:0.014360162429511547 :0.4000282697379589
koniec:0.034918807446956635 początek:0.030255235731601715 rozpoczęcie:0.01636667549610138 wybuch:0.01629304699599743 otwarcie:0.01569710671901703 pierwsze:0.013959858566522598 kolejne:0.013166303746402264 ,:0.012122012674808502 j:0.009742428548634052 wszczęcie:0.00855164136737585 :0.8289268827065825
.:0.029438002035021782 ie:0.024101685732603073 ,:0.02243766561150551 i:0.02117793634533882 i:0.018701154738664627 y:0.01666312851011753 c:0.013144864700734615 ii:0.013005109503865242 w:0.012821372598409653 t:0.01259133592247963 :0.8159177443012595
::0.14356942474842072 :0.04834061115980148 ::0.0462389811873436 n:0.019988063722848892 c:0.01595406047999859 l:0.014418791979551315 ;:0.01420716755092144 ':0.014046469703316689 c:0.011374181136488914 ,:0.01057189516723156 :0.6612903531640768
i:0.03507523611187935 o:0.01734430342912674 -:0.014526909217238426 ne:0.012147552333772182 nego:0.010539653711020947 n:0.00996375735849142 c:0.00983742531388998 ,:0.009619076736271381 I:0.009215496480464935 w:0.009017039090394974 :0.8627135502174497
nej:0.12784680724143982 n:0.08645038306713104 Człowieka:0.08264776319265366 na:0.06793338805437088 ni:0.05096852779388428 d:0.04053625836968422 niczej:0.029799850657582283 ny:0.016336634755134583 no:0.013156482018530369 do:0.01130121573805809 :0.4730226891115308
pisma:0.999355137348175 dokumentu:0.0003832695074379444 pismo:9.228307317243889e-05 pism:4.7300371079472825e-05 piśmie:3.4827251511160284e-05 Pisma:2.3669081201660447e-05 pełnomocnictwa:1.897313450172078e-05 środka:1.3917998330725823e-05 tytułu:7.509715032938402e-06 pismem:3.024596026079962e-06 :2.008792353080935e-05
.:0.9310474395751953 .:0.0612344890832901 ,:0.002201169729232788 ...:0.0018660502973943949 !:0.0005532533396035433 ;:0.00037417295970954 ...:0.0003545937652233988 ::0.000260711123701185 ..:0.0002521881542634219 -:0.0002445597492624074 :0.001611372223123908
w:0.9954889416694641 na:0.0026022205129265785 W:0.000953538459725678 we:0.0003616367175709456 z:0.00019109694403596222 Na:3.774883589358069e-05 w:3.1087256502360106e-05 a:2.9547569283749908e-05 przy:2.8482470952440053e-05 :0.0002756995636445936
!:0.10649063438177109 ?:0.10483404994010925 bie:0.1012125089764595 ::0.055808354169130325 be:0.04534020647406578 ??:0.02729673683643341 Be:0.025698333978652954 !:0.020054694265127182 .:0.01908113993704319 ben:0.017654240131378174 :0.47652910090982914
Rusi:0.31845393776893616 -:0.07035809010267258 Śląsku:0.06666581332683563 Ukrainie:0.06624878197908401 bytej:0.05862648785114288 Litwie:0.05856524035334587 Węgrzech:0.028716394677758217 Wołyniu:0.019702168181538582 Wschodzie:0.014384038746356964 wschodzie:0.009431196376681328 :0.2888478506356478
i:0.03677849471569061 j:0.028863586485385895 r:0.026114901527762413 w:0.021538805216550827 n:0.021356765180826187 j:0.02112365886569023 a:0.01521805115044117 o:0.014399314299225807 ,:0.013717297464609146 .:0.012298732995986938 :0.7885903920978308
gardła:0.16942772269248962 osłabienie:0.12908276915550232 brzucha:0.1285795122385025 dreszcze:0.10163409262895584 zmęczenie:0.06977000087499619 gorączka:0.05471716448664665 pleców:0.034294985234737396 żołądka:0.03340483084321022 mięśni:0.029210327193140984 mdłości:0.021976223215460777 :0.2279023714363575
jest:0.08173564076423645 ma:0.022959284484386444 się:0.02279173955321312 ś:0.012404280714690685 ::0.012005547061562538 ,:0.011659502051770687 _:0.011004224419593811 graniczy:0.01047505997121334 i:0.009915696457028389 ::0.00948721170425415 :0.7955618128180504
I:0.23224325478076935 .:0.061322975903749466 i:0.051994528621435165 l:0.03773016110062599 1:0.021792354062199593 l:0.02083776518702507 i:0.0197165347635746 ,:0.01869988441467285 I:0.0181190874427557 L:0.016851583495736122 :0.5006918702274561
,:0.5759710073471069 ,:0.14303456246852875 ::0.12387348711490631 -:0.07921085506677628 .:0.027219492942094803 ;:0.017477083951234818 i:0.009524480439722538 oraz:0.006997480522841215 .:0.004052102565765381 ::0.0033744536340236664 :0.009264993946999311
która:0.917113184928894 ponieważ:0.03698381409049034 gdyż:0.01697905734181404 począwszy:0.00792614370584488 która:0.004329669754952192 bo:0.0016114736208692193 istniejąca:0.0012211696011945605 jaka:0.0010606751311570406 którą:0.0009972562547773123 gdzie:0.0009058014838956296 :0.010871754086110741
«:0.9224231243133545 »:0.04609270393848419 «:0.017827829346060753 <:0.0031673929188400507 »:0.0016924884403124452 *:0.0014016350032761693 ----:0.0007221496780402958 **:0.0005449657910503447 $:0.0005364022799767554 :0.005591308290604502
,:0.4986880421638489 ,:0.30000242590904236 a:0.08276915550231934 i:0.06265860050916672 ;:0.007290903478860855 .:0.007039841264486313 lub:0.007003653794527054 .:0.004897028673440218 -:0.0048698680475354195 zaś:0.0021318665239959955 :0.022648614132776856
komunistów:0.24467705190181732 partii:0.10140996426343918 polityczne:0.08687829971313477 robotników:0.05590144544839859 wojskowe:0.048542093485593796 komunistyczne:0.03950827196240425 kadr:0.03865642100572586 młodzieży:0.02080812118947506 kierownicze:0.012124729342758656 działaczy:0.011697839945554733 :0.3397957617416978
.:0.4341035783290863 .:0.26395079493522644 ,:0.13563615083694458 ...:0.04321404919028282 ,:0.03837120905518532 ?:0.012159870937466621 ...:0.011502373963594437 ::0.00883153174072504 ;:0.007103567011654377 !:0.00514999171718955 :0.03997688228264451
::0.09909307956695557 w:0.052588604390621185 ::0.0484616756439209 ,:0.04153456911444664 ;:0.0406809076666832 ,:0.040266819298267365 .:0.03523648902773857 na:0.03237678483128548 i:0.025903474539518356 z:0.02509750798344612 :0.5587600879371166
.:0.18553368747234344 ':0.09773283451795578 ):0.04760029911994934 ':0.0376872718334198 .:0.03690057620406151 ;:0.023861365392804146 ^:0.02050076797604561 *:0.020406903699040413 ,:0.017508501186966896 wszystkich:0.017065444961190224 :0.49520234763622284
,:0.07954373955726624 z:0.06371314078569412 w:0.05268340930342674 Z:0.036658208817243576 W:0.02939956821501255 ':0.024863487109541893 i:0.023466218262910843 ,:0.020438965409994125 a:0.018531255424022675 o:0.01828157529234886 :0.6324204318225384
Dąbrowski:0.15310987830162048 Szymański:0.05411570146679878 Jankowski:0.05235758051276207 Kwiatkowski:0.04224272817373276 Kamiński:0.041526466608047485 Zieliński:0.03676319494843483 Nowak:0.0346810482442379 Grabowski:0.028884287923574448 Wojciechowski:0.02467222884297371 Piotrowski:0.018586384132504463 :0.5130605008453131
naukowej:0.8927632570266724 międzynarodowej:0.08563080430030823 technicznej:0.0026183936279267073 gospodarczej:0.002520419890061021 ekonomicznej:0.0012936301063746214 merytorycznej:0.0010849456302821636 zagranicznej:0.001076666871085763 morskiej:0.001061905175447464 regionalnej:0.0008841230883263052 naukowców:0.0007151220925152302 :0.010350732191000134
ukrycia:0.44105198979377747 schronienia:0.19133290648460388 poruszania:0.13594526052474976 utrzymywania:0.03377316892147064 utrzymania:0.030309662222862244 umocnienia:0.014716741628944874 przechowywania:0.012852584943175316 przemieszczania:0.012104738503694534 sprawdzenia:0.00967945996671915 gromadzenia:0.009198547340929508 :0.10903493966907263
':0.16037146747112274 ::0.13059909641742706 ;:0.060623347759246826 ":0.052420325577259064 ,:0.04456736519932747 .:0.03314999118447304 i:0.024548957124352455 -:0.020339692011475563 r:0.01893121562898159 „:0.018640344962477684 :0.4358081966638565
ber:0.10294816642999649 ben:0.09067520499229431 be:0.07796172797679901 ben:0.07077379524707794 Ber:0.03840894624590874 Ben:0.01580370031297207 ,:0.014196586795151234 bin:0.013403017073869705 .:0.01335050817579031 b:0.012928358279168606 :0.5495499884709716
sugeruje:0.1780746430158615 mówi:0.17361608147621155 głosi:0.09858029335737228 wskazuje:0.0851343497633934 stwierdza:0.06705073267221451 zakłada:0.05177091062068939 brzmi:0.04267633333802223 oznacza:0.03674960136413574 powiada:0.036196693778038025 stanowi:0.030958546325564384 :0.19919181428849697
przez:0.9231081604957581 prze:0.005457308143377304 przed:0.0037984095979481936 /:0.0033369276206940413 poprzez:0.0028433906845748425 na:0.0024773639161139727 we:0.0023903592955321074 pod:0.001682296278886497 i:0.0014439866645261645 go:0.0011771501740440726 :0.05228464712854475
t:0.25116002559661865 r:0.23549789190292358 m:0.17134420573711395 l:0.12418248504400253 w:0.04720129445195198 n:0.03850209340453148 k:0.017628148198127747 c:0.014971318654716015 d:0.014480508863925934 p:0.01260740403085947 :0.07242462411522865
z:0.21278518438339233 dwo:0.05215081945061684 nieuf:0.049572814255952835 bardzo:0.03903904929757118 wrogo:0.013459868729114532 tak:0.013086972758173943 odmien:0.012471205554902554 w:0.010835584253072739 jako:0.010752368718385696 podejrzliwie:0.010664909146726131 :0.5751812234520912
się:0.9043720364570618 że:0.010422836989164352 sie:0.0075682178139686584 ,:0.005781939718872309 go:0.00496962945908308 iż:0.0049018110148608685 ,:0.0036407997831702232 ::0.0033364896662533283 zasadę:0.0013274928787723184 twierdzenie:0.0008054263307712972 :0.0528733198880218
ma:0.3047994375228882 rodzi:0.11585796624422073 czuje:0.1146598532795906 rozwija:0.057395219802856445 zachowuje:0.05411501228809357 znosi:0.02879711240530014 trzyma:0.022477490827441216 utrzymuje:0.014235987327992916 zbiera:0.013939140364527702 robi:0.013596932403743267 :0.2601258475333452
było:0.30557599663734436 jest:0.20058366656303406 na:0.13220852613449097 o:0.0683199092745781 za:0.026362691074609756 i:0.022117367014288902 była:0.021682793274521828 poprzez:0.009255798533558846 spowodowała:0.008690840564668179 zakłada:0.00775803392753005 :0.19744437700137496
,:0.05852033197879791 c:0.03966153785586357 l:0.03831084445118904 i:0.030218521133065224 nie:0.02571980282664299 nie:0.024547064676880836 ,:0.02368217334151268 m:0.02364814095199108 się:0.021559247747063637 g:0.02027050405740738 :0.6938618309795856
z:0.12476139515638351 o:0.06430181860923767 oferuje:0.06126975640654564 .:0.05410544201731682 w:0.05274031311273575 ,:0.050076209008693695 i:0.03514080122113228 -:0.030770665034651756 pełen:0.02572535164654255 pełny:0.024069394916296005 :0.4770388528704643
.:0.8950409889221191 .:0.09295205026865005 ,:0.004901983309537172 !:0.0012251113075762987 ::0.0008143648155964911 ;:0.000758278532885015 ,:0.00043285582796670496 ?:0.0003552732814569026 i:0.0002531190402805805 ;:0.00021809157624375075 :0.0030478831176878884
m:0.13474997878074646 i:0.04878496378660202 w:0.03962982818484306 ,:0.02780553139746189 ,:0.01860022358596325 b:0.014661767520010471 Polskiemu:0.014386137947440147 owi:0.013351116329431534 mu:0.012367752380669117 n:0.010089068673551083 :0.665573631413281
ą:0.9955750703811646 ę:0.0018233680166304111 a:0.0017540109110996127 y:0.00031116302125155926 ą:0.0002488608588464558 ±:7.492479926440865e-05 e:6.0520615079440176e-05 u:4.0677212382433936e-05 ó:3.888263745466247e-05 Ą:2.3464970581699163e-05 :4.905657624476589e-05
e:0.10092449188232422 e:0.06123528629541397 ne:0.04573871195316315 ne:0.045036643743515015 dne:0.029670925810933113 i:0.024131495505571365 !:0.02083958126604557 h:0.01509943138808012 !:0.014836388640105724 .:0.014439341612160206 :0.6280477019026875
opisał:0.6226035952568054 opisuje:0.18491248786449432 przedstawił:0.07960453629493713 omawia:0.01499907299876213 ujął:0.014255058951675892 zaprezentował:0.009256960824131966 określił:0.009208251722157001 wyjaśnia:0.00836019217967987 wyjaśnił:0.007525539956986904 przedstawia:0.006034498102962971 :0.04323980584740639
,:0.21725571155548096 ,:0.1461721658706665 .:0.045649368315935135 jest:0.03643527254462242 -:0.028908561915159225 .:0.019702725112438202 i:0.012175177223980427 ;:0.01184785831719637 ':0.011112256906926632 stanowi:0.0108362240716815 :0.45990467816591263
osób:0.27004504203796387 ludzi:0.1932046115398407 dusz:0.08389925211668015 postaci:0.047139935195446014 mężczyzn:0.044676847755908966 głosów:0.03139789402484894 ciał:0.027407469227910042 głów:0.02445736899971962 kobiet:0.013403833843767643 starców:0.01238635741174221 :0.25198138784617186
się:0.9946596026420593 sie:0.002756677567958832 dzieci:0.00032561481930315495 społecznym:0.00030863535357639194 uczniów:0.00024424196453765035 nauczycieli:6.832421058788896e-05 wewnętrznym:6.070879680919461e-05 codziennym:5.968397454125807e-05 dorosłych:5.837038770550862e-05 :0.0014581402829207946
,:0.08196385204792023 -:0.056794844567775726 .:0.047994740307331085 ':0.027745774015784264 ra:0.022643625736236572 i:0.020026275888085365 br:0.018086710944771767 r:0.016809415072202682 •:0.0165447685867548 :0.6913899928331375
odpowiednimi:0.32857567071914673 ich:0.0725841075181961 określonymi:0.030772287398576736 .:0.021058814600110054 .:0.019351506605744362 właściwymi:0.014898000285029411 \:0.014769325032830238 tymi:0.014118654653429985 jego:0.013919610530138016 jej:0.013014158234000206 :0.45693786442279816
):0.05922622233629227 i:0.05094102397561073 kolejowe:0.024757254868745804 kolejowych:0.02037781849503517 do:0.020181169733405113 z:0.018265651538968086 \:0.017328966408967972 w:0.014673672616481781 i:0.01381791289895773 ):0.01312212273478508 :0.7473081843927503
\:0.1518869549036026 \:0.0491686575114727 O:0.025940027087926865 I:0.021224841475486755 .:0.020725339651107788 .:0.014494307339191437 ):0.013093865476548672 i:0.010241604410111904 3:0.010150745511054993 A:0.010018871165812016 :0.6730547854676843
K:0.21353252232074738 G:0.17908678948879242 B:0.10452896356582642 T:0.09830380976200104 M:0.06902909278869629 H:0.06628873199224472 W:0.048873018473386765 J:0.0432668998837471 P:0.031096767634153366 D:0.030296558514237404 :0.1156968455761671
10:0.1563938558101654 11:0.05547222122550011 12:0.033526450395584106 15:0.026376519352197647 ':0.025886189192533493 .:0.0241031926125288 13:0.022234905511140823 I:0.02108260802924633 16:0.01861484907567501 ":0.014440023340284824 :0.6018691854551435
i:0.040705110877752304 ':0.02925533428788185 ::0.023641224950551987 I:0.022677162662148476 ;:0.02264370769262314 -:0.017990920692682266 ::0.014209856279194355 w:0.013397440314292908 ,:0.012980439700186253 ":0.012651821598410606 :0.7898469809442759
10:0.06232140585780144 7:0.05898626893758774 8:0.057402875274419785 9:0.047828707844018936 12:0.044387973845005035 3:0.040412627160549164 6:0.04004356637597084 4:0.03936789184808731 2:0.03628815710544586 1:0.0308266282081604 :0.5421338975429535
:0.03541429713368416 l:0.03079794906079769 a:0.023890499025583267 k:0.02215510793030262 p:0.019446561112999916 niósł:0.01902102679014206 n:0.017701907083392143 ,:0.01687987521290779 ':0.015093319118022919 i:0.012733484618365765 :0.7868659729138017
,:0.28573840856552124 .:0.247397318482399 i:0.0482819527387619 ,:0.04124358296394348 .:0.036899637430906296 ;:0.02435486391186714 w:0.021012913435697556 z:0.020460324361920357 ::0.013313432224094868 na:0.008525358512997627 :0.25277220737189054
metalowych:0.5014456510543823 stalowych:0.1397615522146225 żelaznych:0.030812064185738564 specjalnych:0.03061172552406788 gotowych:0.02353851869702339 budowlanych:0.022811269387602806 rur:0.014196782372891903 przemysłowych:0.010233442299067974 elektrycznych:0.009438030421733856 blachy:0.008022215217351913 :0.2091287486255169
nieco:0.21526628732681274 sik:0.14425306022167206 ś:0.07709214091300964 innego:0.052793536335229874 prędzej:0.043752189725637436 takiego:0.03526049852371216 ¶:0.02878657542169094 trzeba:0.024408956989645958 by:0.020773695781826973 tak:0.019848430529236794 :0.3377646282315254
\:0.3680060803890228 ,:0.10439852625131607 (:0.05444109067320824 {:0.0454782098531723 .:0.040816664695739746 /:0.024817736819386482 \:0.021736856549978256 a:0.02100132405757904 ':0.02077391929924488 ):0.018417734652757645 :0.2801118567585945
a:0.06304310262203217 który:0.04370317608118057 która:0.03013082779943943 obecnie:0.027246909216046333 kierownik:0.010390159673988819 ko:0.01019557286053896 któremu:0.008615388534963131 Ko:0.008455458097159863 którego:0.007830707356333733 dyrektor:0.007771517150104046 :0.782617180608213
i:0.6136859059333801 .:0.019618388265371323 i:0.01613856852054596 ":0.012906655669212341 ,:0.011625150218605995 -:0.011234733276069164 ':0.007490658201277256 l:0.007446100935339928 ..:0.007381000090390444 :0.29247283888980746
aby:0.17682547867298126 mają:0.17346689105033875 ażeby:0.14830845594406128 mamy:0.045753348618745804 by:0.03671354055404663 żeby:0.03606969118118286 ma:0.029080158099532127 muszą:0.026792248710989952 powinny:0.026672834530472755 mające:0.025458581745624542 :0.27485877089202404
c:0.14793847501277924 ci:0.06457161903381348 ::0.041814327239990234 ta:0.02931933104991913 E:0.025986192747950554 -:0.025607431307435036 ::0.025299444794654846 ti:0.02235105074942112 C:0.02231450378894806 te:0.019387029111385345 :0.575410595163703
':0.1569121778011322 ,:0.05686929449439049 ":0.0549091175198555 i:0.04206111282110214 -:0.039691321551799774 t:0.0236616563051939 f:0.020619727671146393 \:0.019840843975543976 .:0.01965785212814808 :0.5657768957316875
i:0.5275291800498962 ,:0.036646392196416855 .:0.03380328044295311 ':0.028978515416383743 ':0.027724476531147957 -:0.020779093727469444 -:0.015767069533467293 ::0.013419575057923794 ":0.013053023256361485 :0.2822993937879801
":0.08058197796344757 y:0.07765887677669525 ":0.04763263463973999 ':0.03486314415931702 ':0.025022337213158607 i:0.021889323368668556 y:0.019134128466248512 ,:0.016384905204176903 a:0.01607614755630493 te:0.012878135778009892 :0.6478783888742328
do:0.8907061219215393 na:0.08742612600326538 o:0.008993089199066162 do:0.005880468524992466 od:0.0025759341660887003 z:0.0005803913809359074 po:0.0005349753191694617 na:0.0004145718412473798 o:0.0003663304087240249 :0.0025219912349712104
,:0.8535014986991882 oraz:0.07876840233802795 .:0.026764046400785446 i:0.007852774113416672 ;:0.002309810370206833 ::0.0015745110576972365 ),:0.0012360647087916732 ):0.001209736568853259 czy:0.001078485045582056 ?:0.0010440322803333402 :0.024660638417117298
of:0.9494226574897766 and:0.0166202113032341 for:0.007599568460136652 in:0.006745493039488792 to:0.004235254134982824 on:0.002187444595620036 from:0.0020513348281383514 by:0.001205416047014296 with:0.0009191650897264481 the:0.0008557206601835787 :0.00815773435169831
tymi:0.04132300987839699 dwoma:0.02469232678413391 państwami:0.02169683948159218 tym:0.01981792226433754 nimi:0.01849271170794964 tą:0.01799040287733078 krajami:0.017666544765233994 Niemcami:0.017267441377043724 i:0.013344109989702702 ::0.01246995572000742 :0.7952387351542711
zajął:0.1237863078713417 zdobył:0.07447091490030289 I:0.04783395677804947 otrzymał:0.03285646066069603 j:0.025963852182030678 i:0.025530816987156868 l:0.025398220866918564 dostał:0.017867768183350563 1:0.016893582418560982 uzyskał:0.01528351940214634 :0.5941145997494459
silny:0.39247769117355347 ogromny:0.18144376575946808 duży:0.07286854833364487 głęboki:0.06807918101549149 ciągły:0.06081036850810051 ono:0.0464550256729126 wielki:0.027046479284763336 wewnętrzny:0.011594047769904137 większy:0.009980062954127789 on:0.007699443493038416 :0.12154538603499532
jeśli:0.5922151803970337 jak:0.17568932473659515 jeżeli:0.12939751148223877 gdy:0.052127186208963394 skoro:0.018471449613571167 kiedy:0.018400980159640312 że:0.006209481041878462 choć:0.0009650135179981589 ponieważ:0.00041220540879294276 chociaż:0.0003761313855648041 :0.005735536047723144
,:0.11269818246364594 I:0.10615646094083786 i:0.09943530708551407 ,:0.06053760275244713 pan:0.03858720511198044 ':0.021490616723895073 -:0.020956940948963165 pani:0.020351175218820572 ":0.01880769431591034 a:0.012158827856183052 :0.48881998658180237
(:0.07901859283447266 ":0.07485754787921906 ):0.061107199639081955 ):0.04944441840052605 ':0.04436228424310684 ;:0.030101649463176727 l:0.02597677707672119 ;:0.02051759883761406 (:0.016658877953886986 c:0.016100209206342697 :0.5818548444658518
c:0.28275009989738464 s:0.08985569328069687 c:0.07379437983036041 n:0.040632519870996475 l:0.039333444088697433 d:0.03440907225012779 ::0.02896517887711525 r:0.027112148702144623 t:0.02651340886950493 s:0.018813880160450935 :0.33782017417252064
(:0.9295404553413391 (,:0.03783361613750458 (:0.01696871593594551 (19:0.003181572537869215 (*:0.0018974209669977427 (+:0.0011973732616752386 (-:0.0010646205628290772 ,:0.0009619659977033734 (1,:0.0005994667881168425 (1:0.000596578698605299 :0.006158213771414012
?:0.05877992883324623 ::0.041741833090782166 .:0.033955167979002 ?:0.026831354945898056 f:0.019055841490626335 *:0.01575968787074089 s:0.014050522819161415 :0.013648604974150658 ter:0.01341728400439024 n:0.012980637140572071 :0.7497791368514299
tak:0.6002711057662964 do:0.05653754994273186 w:0.014489113353192806 tu:0.012480823323130608 nie:0.008688392117619514 ":0.008353888057172298 tam:0.007567201275378466 na:0.007305733859539032 >:0.006833216175436974 „:0.0066636293195188046 :0.27080934680998325
i:0.13108386099338531 ;:0.034810036420822144 o:0.032871976494789124 n:0.0324670746922493 ':0.03244342654943466 a:0.03119363635778427 ,:0.031185545027256012 ~:0.028700992465019226 1:0.027352849021553993 ::0.01943681202828884 :0.5984537899494171
nich:0.9963860511779785 ich:0.001685731578618288 tych:0.0005908451857976615 których:0.0002102909638779238 niej:0.00015662290388718247 nimi:9.908992797136307e-05 niego:9.300508827436715e-05 niech:6.552367995027453e-05 tamtych:5.60436601517722e-05 takich:5.574600072577596e-05 :0.0006010498327668756
naruszenia:0.7220605611801147 wykonania:0.2192704975605011 wykonywania:0.017159201204776764 wypełnienia:0.009596073068678379 realizacji:0.007415129337459803 zrealizowania:0.0033550860825926065 naruszeń:0.0030346657149493694 spełnienia:0.002884474815800786 przekroczenia:0.002122129313647747 wypełniania:0.0019459050381556153 :0.011156276683323085
sz:0.03992393612861633 j:0.038096122443675995 J:0.030334895476698875 si:0.03016699105501175 m:0.030072316527366638 szy:0.019971594214439392 am:0.018795745447278023 j:0.016554759815335274 J:0.014844799414277077 1:0.01234273612499237 :0.7488961033523083
,:0.7679022550582886 Miasta:0.06900964677333832 ,:0.05643737316131592 miasta:0.009191067889332771 .:0.0067945667542517185 Warszawy:0.00493575306609273 Wydziału:0.004326277412474155 Senatu:0.003738414729014039 Prezydenta:0.0021302634850144386 -:0.0019845105707645416 :0.0735498711001128
li:0.6618051528930664 nie:0.10752853006124496 jednak:0.048774976283311844 więc:0.02072799950838089 ,:0.01137686986476183 już:0.010269210673868656 l:0.00604935921728611 .:0.00551405968144536 przecież:0.0052468799985945225 ':0.004873199388384819 :0.1178337624296546
\:0.23297780752182007 ':0.10753685981035233 ,:0.050116997212171555 ":0.04938821494579315 \:0.02907550521194935 ):0.029016781598329544 i:0.025193393230438232 r:0.024511130526661873 (:0.018748225644230843 -:0.01600656472146511 :0.41742851957678795
może:0.19549395143985748 znajdzie:0.13459789752960205 pójdzie:0.056982334703207016 sięga:0.045185547322034836 się:0.038947172462940216 sobie:0.03706468641757965 dostanie:0.02918577753007412 trafi:0.026447441428899765 ma:0.02273927442729473 idzie:0.02272869274020195 :0.3906272239983082
blachy:0.1031012088060379 drewna:0.09445051103830338 piasku:0.05774062126874924 gliny:0.05589436739683151 piaskiem:0.05436638742685318 desek:0.03520147502422333 drutu:0.032853465527296066 siatki:0.03254846855998039 metalu:0.02920587547123432 papieru:0.024710990488529205 :0.4799266289919615
w:0.05202324315905571 i:0.04569578915834427 I:0.028941821306943893 i:0.02202567458152771 f:0.020334316417574883 wi:0.014665994793176651 c:0.014087320305407047 u:0.014084311202168465 ':0.013981371186673641 ,:0.013736283406615257 :0.7604238744825125
::0.11959817260503769 ':0.07491087913513184 i:0.046402107924222946 I:0.04396163672208786 ,:0.03674716129899025 ;:0.030765186995267868 .:0.029182391241192818 -:0.028456730768084526 1:0.02734183892607689 ::0.02412918023765087 :0.5385047141462564
z:0.7421941757202148 ze:0.07321742922067642 ,:0.019836531952023506 i:0.01746738888323307 Z:0.017077213153243065 .:0.013548512943089008 w:0.010840784758329391 oraz:0.004265799652785063 I:0.003924400545656681 ':0.003710519289597869 :0.09391724388115108
po:0.5860400199890137 o:0.33888423442840576 poświęcony:0.026685703545808792 PO:0.012440148741006851 Po:0.006158180069178343 O:0.0032165520824491978 ó:0.0025861402973532677 towarzyszące:0.002207288984209299 towarzyszących:0.001800835831090808 w:0.0017068191664293408 :0.018274076865054667
wiele:0.34524253010749817 sporo:0.07631130516529083 jest:0.04501727223396301 dużo:0.044353682547807693 nie:0.031754542142152786 bardzo:0.026140710338950157 i:0.021886086091399193 kilka:0.019770769402384758 mnóstwo:0.016115393489599228 ,:0.014638235792517662 :0.3587694726884365
':0.8697614073753357 ::0.00975576788187027 i:0.008751721121370792 ;:0.00667206896468997 e:0.004129985347390175 ,:0.0040453639812767506 ^:0.0037751987110823393 i:0.003024548524990678 ::0.0030048489570617676 :0.08707908913493156
l:0.06580042093992233 ,:0.05425556004047394 ,:0.04541166126728058 w:0.03905601426959038 (:0.03703565150499344 ':0.03212708979845047 f:0.030330879613757133 ;:0.02690911293029785 i:0.023951726034283638 ":0.02158532291650772 :0.6235365606844425
problemy:0.4544464647769928 trudności:0.31144383549690247 kłopoty:0.12625059485435486 problem:0.08173646032810211 kłopot:0.014063648879528046 trudność:0.00981115736067295 problemu:0.00038287590723484755 problemów:0.000212053200812079 ograniczenia:9.831490751821548e-05 kłopotów:6.54801115160808e-05 :0.0014891141763655469
ponieważ:0.38560423254966736 że:0.1412413865327835 gdyż:0.125116229057312 bo:0.09212655574083328 bowiem:0.06361781060695648 iż:0.024621158838272095 a:0.01661476492881775 ze:0.016332609578967094 gdy:0.014435543678700924 albowiem:0.013540933839976788 :0.10674877464771271
Nowak:0.0138617604970932 Miller:0.013270042836666107 Klein:0.012647495605051517 Schmidt:0.01254308968782425 Kowalski:0.01003101747483015 Smith:0.009861459955573082 Koch:0.00932646170258522 Mann:0.00790464412420988 Jones:0.007297615986317396 Beck:0.007065002340823412 :0.8961914097890258
':0.12552298605442047 .:0.08964873105287552 ):0.05666036158800125 ,:0.05636458843946457 \:0.05010340362787247 ::0.044960230588912964 i:0.029607141390442848 -:0.02886100485920906 ":0.026902031153440475 ;:0.024648113176226616 :0.46672140806913376
głębi:0.654362678527832 pobliżu:0.147245854139328 dnie:0.05738778039813042 wodach:0.038873642683029175 obrębie:0.014687552116811275 wodzie:0.009153551422059536 sąsiedztwie:0.007672273088246584 okolicy:0.007537782657891512 okolicach:0.007047809660434723 środku:0.003962280228734016 :0.05206879507750273
,:0.09644658118486404 bilansu:0.058281976729631424 i:0.032523926347494125 ':0.029822416603565216 j:0.029339462518692017 ":0.01548087503761053 y:0.014778492972254753 i:0.012675867415964603 ':0.011330890469253063 f:0.011291323229670525 :0.6880281874909997
::0.16013650596141815 ;:0.09438535571098328 ::0.03197816386818886 ,:0.029031602665781975 ':0.028753092512488365 i:0.0267667006701231 w:0.017658738419413567 ):0.017322737723588943 \:0.017044806852936745 -:0.013489315286278725 :0.5634329803287983
przekona:0.7775318026542664 okaże:0.07437221705913544 dowie:0.034580882638692856 przyzna:0.017214255407452583 cieszą:0.014551259577274323 dowiemy:0.006919198203831911 zgodzi:0.0067094131372869015 staną:0.006139853037893772 przekonać:0.004699442535638809 uda:0.002956944517791271 :0.05432473123073578
,:0.05934721231460571 ':0.04240318760275841 ":0.03931869938969612 i:0.03644842654466629 że:0.031223837286233902 a:0.026802999898791313 l:0.020104561001062393 .:0.019239235669374466 r:0.018947970122098923 :0.7061638701707125
się:0.8445154428482056 s:0.04849512130022049 SIĘ:0.024959340691566467 sie:0.023768173530697823 S:0.01133007649332285 z:0.005593240261077881 m:0.003791583701968193 ,:0.0026519347447901964 w:0.0025595705956220627 :0.03233551583252847
::0.8756324648857117 i:0.004669873975217342 ^:0.004576843697577715 ;:0.0035821155179291964 .:0.0035780591424554586 -:0.0030884123407304287 ':0.00270779337733984 ,:0.0025865163188427687 -:0.0025842576287686825 :0.0969936631154269
,:0.9985646605491638 i:0.00046948163071647286 oraz:0.00022131526202429086 ;:0.00015471054939553142 .:9.28939480218105e-05 \:7.083300442900509e-05 ,:6.504367047455162e-05 ":2.892026532208547e-05 następnie:2.81117572740186e-05 ::2.607839269330725e-05 :0.000277950970485108
):0.3909231126308441 .:0.138124480843544 ":0.13270992040634155 ,:0.0918063297867775 ):0.03864319249987602 ':0.027616728097200394 (:0.015284312888979912 „:0.008539221249520779 "):0.007678196765482426 :0.1486745048314333
a:0.038488950580358505 w:0.036661744117736816 a:0.01799912564456463 na:0.016652315855026245 w:0.010859702713787556 o:0.010233826003968716 ak:0.009981059469282627 za:0.009955126792192459 by:0.009629424661397934 ,:0.009594774805009365 :0.8299439493566751
lodu:0.19700513780117035 kamieni:0.144812673330307 skalne:0.07711565494537354 wy:0.06311982125043869 błota:0.05669128894805908 skał:0.05193064734339714 dymu:0.03730392828583717 piasku:0.0360252782702446 soli:0.03157416358590126 powietrza:0.02963019162416458 :0.2747912146151066
,:0.8505793809890747 .:0.03839406743645668 ,:0.016236308962106705 ':0.006914600729942322 znaczeniu:0.005791840609163046 i:0.00553933996707201 ,,:0.0048071942292153835 sensie:0.004537404980510473 .,:0.002620094921439886 j:0.00256179366260767 :0.06201797351241112
/:0.8302704691886902 /:0.07129715383052826 terytorialnych:0.011401205323636532 polskich:0.011215200647711754 sowieckich:0.005509646143764257 .:0.0035743112675845623 wschodnich:0.0034957104362547398 etnicznych:0.003317104419693351 politycznych:0.0026954393833875656 /.:0.0026538833044469357 :0.05456987605430186
,:0.8873521089553833 1,:0.01152227446436882 3,:0.011509666219353676 2,:0.01103059109300375 5,:0.009897759184241295 ::0.008243964053690434 8,:0.007883959449827671 4,:0.005995352752506733 6,:0.004826248157769442 7,:0.004043356515467167 :0.03769471915438771
sobą:0.6500581502914429 powrotem:0.06762394309043884 siebie:0.0266701802611351 czasem:0.0174160934984684 razu:0.013798723928630352 nich:0.011787962168455124 nimi:0.008259420283138752 niemi:0.008085777051746845 łatwością:0.007913247682154179 grubsza:0.005577273201197386 :0.18280922854319215
3:0.013997580856084824 1:0.012145220302045345 2:0.011928180232644081 4:0.01167174894362688 20:0.009304252453148365 7:0.008294588886201382 22:0.007773815654218197 17:0.007633088622242212 10:0.007429380901157856 :0.9098221431486309
7:0.9982587695121765 7.:0.0011017080396413803 7:0.0002584909088909626 7-:3.7594119930872694e-05 7,:3.7570749555015936e-05 (7:3.4330005291849375e-05 7::3.3065382012864575e-05 8:2.9711387469433248e-05 9:2.6953433916787617e-05 7):2.3987240638234653e-05 :0.00015781922047608532
a:0.7609863877296448 natomiast:0.08866166323423386 zaś:0.06677844375371933 oraz:0.01930389180779457 a:0.018051229417324066 i:0.011367453262209892 pozostałe:0.008685226552188396 poważne:0.0014753503492102027 ale:0.001294212881475687 :0.023396141012199223
klientów:0.22818011045455933 nabywców:0.16328461468219757 odbiorców:0.05396440252661705 sprzedaż:0.047278594225645065 chętnych:0.047140106558799744 kupca:0.04015529528260231 klienta:0.030447321012616158 kupców:0.028547018766403198 dostawę:0.027504343539476395 nas:0.016500268131494522 :0.31699792481958866
':0.26862555742263794 \:0.06087236851453781 ,:0.05737023800611496 ":0.0426105335354805 ':0.03471553698182106 ):0.029302747920155525 -:0.021510353311896324 i:0.02128734067082405 i:0.014516484923660755 ;:0.013572724536061287 :0.4356161141768098
pracownicy:0.42360177636146545 pracodawcy:0.1564902663230896 robotnicy:0.02976319007575512 związku:0.029681216925382614 związki:0.027732398360967636 działacze:0.023166514933109283 przedstawiciele:0.021043680608272552 przedsiębiorcy:0.0181743111461401 posłowie:0.016536856070160866 załogi:0.012996970675885677 :0.2408128185197711
':0.13419388234615326 i:0.056896310299634933 ;:0.04055197909474373 ":0.03889757767319679 ,:0.030753852799534798 a:0.028451453894376755 w:0.023205459117889404 z:0.020955830812454224 •:0.017470356076955795 ::0.01694706454873085 :0.5916762333363295
.:0.10737857967615128 i:0.0741746798157692 .:0.056092601269483566 ,:0.035387419164180756 I:0.024906136095523834 nie:0.01877591386437416 a:0.016662228852510452 ':0.016199685633182526 w:0.014530947431921959 ,:0.013380561955273151 :0.6225112462416291
100:0.26780351996421814 200:0.13457585871219635 400:0.1263885498046875 1500:0.08944052457809448 500:0.06975739449262619 1000:0.051461201161146164 50:0.04332806542515755 800:0.02772979810833931 3000:0.021569395437836647 5000:0.01521584764122963 :0.15272984467446804
e:0.04765927419066429 i:0.032054342329502106 u:0.029500005766749382 a:0.02532082423567772 o:0.01718522608280182 c:0.016774456948041916 j:0.016129743307828903 y:0.013424057513475418 i:0.012758509255945683 n:0.012195171788334846 :0.7769983885809779
y:0.28886929154396057 a:0.12229909747838974 e:0.12189760059118271 i:0.09237467497587204 o:0.0671733170747757 ie:0.013908661901950836 u:0.008741584606468678 zy:0.008069947361946106 -:0.007722960319370031 ;:0.0070997318252921104 :0.2618431323207915
