n:0.1624659299850464 ni:0.055775705724954605 ,:0.04367334768176079 z:0.028664089739322662 ną:0.027560150250792503 ą:0.026852795854210854 i:0.026555949822068214 na:0.023819271475076675 ::0.019763296470046043 ;:0.017656199634075165 :0.5672132633626461
Pracy:0.42921653389930725 Społecznej:0.1097814291715622 Medycznej:0.10163488239049911 Morskiej:0.06212354078888893 Zdrowia:0.04688204079866409 Wojskowej:0.03510706499218941 Wsi:0.023265289142727852 Serca:0.021748138591647148 Rehabilitacji:0.014175720512866974 Sport:0.012767745181918144 :0.1432976145297289
Oxford:0.11087840795516968 University:0.10608422011137009 London:0.0980544313788414 British:0.07201658934354782 The:0.06378977745771408 United:0.06123800948262215 Cambridge:0.05030791461467743 International:0.03592335060238838 National:0.026107866317033768 Manchester:0.020626801997423172 :0.35497263073921204
':0.23541490733623505 .:0.09086168557405472 1:0.07019505649805069 ?:0.05755538493394852 Przede:0.051026757806539536 Oto:0.037745457142591476 m:0.03520451486110687 M:0.035049282014369965 T:0.031394071877002716 ..:0.024707753211259842 :0.3308451287448406
l:0.1137249767780304 i:0.11335670948028564 ::0.09212829917669296 ':0.06754600256681442 ,:0.05506186932325363 ;:0.03295167535543442 !:0.027827594429254532 .:0.020832683891057968 sci:0.016647720709443092 I:0.012572076171636581 :0.44735039211809635
czele:0.3494413197040558 poziomie:0.06770850718021393 stanowisku:0.036278028041124344 dobrych:0.034169938415288925 pozycji:0.028898222371935844 pozycjach:0.027678892016410828 linii:0.0252966471016407 wysokim:0.02084575593471527 wysokości:0.01879395917057991 wysokich:0.016269300132989883 :0.3746194299310446
):0.993782103061676 ?:0.0006729605956934392 Nie:0.0003445213078521192 ]:0.00025481756892986596 Tak:0.00021419289987534285 !:0.00018981688481289893 >:0.00015795190120115876 }:0.00015018903650343418 Prawda:0.0001390970137435943 ":0.00010523993114475161 :0.00398910979856737
i:0.11892865598201752 l:0.07952498644590378 I:0.04623868688941002 wy:0.04591049998998642 ,:0.03901999443769455 z:0.03304252773523331 s:0.03057677485048771 prze:0.02928994596004486 za:0.027801068499684334 1:0.020250549539923668 :0.5294163096696138
.:0.14716258645057678 l:0.10997609049081802 ?:0.08106585592031479 ':0.07956220954656601 !:0.06250409036874771 ":0.05744773522019386 t:0.04480541869997978 ):0.023604445159435272 ,:0.02140810154378414 J:0.018308592960238457 :0.35415487363934517
no:0.322497695684433 d:0.023989075794816017 członko:0.019908403977751732 s:0.01975872926414013 N:0.01703614555299282 nowo:0.01385355181992054 n:0.012294840067625046 ży:0.011954871006309986 na:0.01075673196464777 zdro:0.009399042464792728 :0.5385509124025702
Trudno:0.5085498690605164 Można:0.06482476741075516 Chcąc:0.052297819405794144 Aby:0.05221319571137428 Próbowałem:0.043203938752412796 Należy:0.034390177577733994 Należałoby:0.022899795323610306 Gdyby:0.020045995712280273 Trzeba:0.01649300381541252 Należało:0.016066785901784897 :0.16901465132832527
,:0.4499766230583191 ":0.16766230762004852 l:0.04601326584815979 !:0.04458198323845863 ':0.03763556852936745 &:0.02643148973584175 ą:0.014802181161940098 q:0.014519923366606236 ;:0.01198921725153923 1:0.007671453524380922 :0.17871598666533828
bitwy:0.5720177888870239 z:0.0248719509691 y:0.023116623982787132 polskiej:0.013529147021472454 walki:0.01219235546886921 cia:0.010729456320405006 kampanii:0.01061372272670269 i:0.009915245696902275 i:0.008869687095284462 boju:0.006880369037389755 :0.3072636527940631
,:0.18478158116340637 .:0.07201769202947617 nie:0.039689499884843826 ':0.0315883532166481 ::0.031502824276685715 ":0.029704779386520386 I:0.02805970422923565 !:0.015432226471602917 .:0.015278014354407787 w:0.013849911279976368 :0.5380954137071967
ek:0.5193554759025574 nik:0.06484385579824448 al:0.031646158546209335 odpowiedni:0.02226627804338932 odniesienia:0.021419484168291092 uznania:0.02028348296880722 ,:0.015886003151535988 ':0.012871257960796356 at:0.012293675914406776 wyrazu:0.007987130433321 :0.27114719711244106
tym:0.06624573469161987 tej:0.0618852861225605 ':0.05162673071026802 ::0.031106485053896904 ":0.015248917043209076 <:0.014761824160814285 stanie:0.014455185271799564 nim:0.014117259532213211 posiadaniu:0.013328975066542625 ,:0.013020433485507965 :0.704203168861568
to:0.9760787487030029 razem:0.006936294957995415 powyższe:0.005188103765249252 jednak:0.00242238468490541 to:0.0016156549099832773 zaś:0.0008164224564097822 co:0.0006279890076257288 To:0.0004888983094133437 te:0.0004109941946808249 inne:0.0003893067187163979 :0.005025202292017639
.:0.5770360231399536 ,:0.22073763608932495 ..:0.025123119354248047 i:0.018869934603571892 -:0.015305315144360065 rano:0.011696957983076572 ::0.010399523191154003 ':0.010157115757465363 I:0.006254491396248341 1:0.006124978885054588 :0.09829490445554256
l:0.12154214084148407 ::0.07495567202568054 t:0.07272133976221085 i:0.03861590102314949 !:0.03639492765069008 1:0.029956160113215446 r:0.029276126995682716 .:0.025861011818051338 I:0.02560124360024929 ;:0.024299943819642067 :0.5207755323499441
ciężkich:0.4706292152404785 ostatnich:0.05823186784982681 gwałtownych:0.058117907494306564 krótkich:0.04478182643651962 dotychczasowych:0.03603031858801842 dalszych:0.034955501556396484 długich:0.025483375415205956 nocnych:0.022962536662817 ostrych:0.02084248885512352 licznych:0.019001243636012077 :0.20896371826529503
,:0.9012566804885864 .:0.08045271039009094 ":0.002520738635212183 ..:0.0022006684448570013 ':0.0013094692258164287 .:0.0008201132877729833 I:0.0007377195288427174 ::0.0006637086044065654 filmowy:0.0003646936675067991 !:0.00034436426358297467 :0.009329133463324979
bie:0.24197348952293396 (:0.06268946826457977 [:0.05756918713450432 ,:0.03467262163758278 !:0.026805268600583076 ber:0.02530478872358799 $:0.022798944264650345 &:0.021776139736175537 ':0.0215226449072361 n:0.021495424211025238 :0.4633920229971409
granic:0.017741138115525246 !:0.016214687377214432 miejsc:0.012858851812779903 wsi:0.012514226138591766 gmin:0.011852527037262917 miast:0.011698542162775993 gó:0.008621662855148315 sądu:0.007668872829526663 ,:0.006751388777047396 (:0.0066606588661670685 :0.8874174440279603
Kraków:0.21260443329811096 Warszawa:0.1263694316148758 Lwów:0.07652467489242554 Petersburg:0.03077315166592598 Zakopane:0.030031351372599602 Poznań:0.019326945766806602 Tarnów:0.017725544050335884 1:0.017032140865921974 Rzym:0.01633494161069393 Kielce:0.013877121731638908 :0.4394002631306648
lekarstwo:0.27665287256240845 odpowiedź:0.17185042798519135 środki:0.06707295775413513 ulgę:0.0320081003010273 lekarstwa:0.028376923874020576 sposób:0.019472192972898483 radę:0.01808883808553219 ,:0.014162753708660603 odpowiedzi:0.01259938906878233 ulgi:0.011090179905295372 :0.3486253637820482
25:0.0188722126185894 29:0.018223877996206284 31:0.01637949049472809 26:0.013114930130541325 17:0.013060885481536388 z:0.012669503688812256 20:0.010971673764288425 16:0.010599121451377869 5:0.01007101684808731 21:0.009919061325490475 :0.8661182262003422
.:0.15506136417388916 ':0.1535339504480362 ::0.1313890665769577 ,:0.06980103999376297 ;:0.0677533745765686 ":0.04413570463657379 ..:0.034999996423721313 -:0.019950024783611298 t:0.016366150230169296 !:0.013340908102691174 :0.2936684200540185
początek:0.10003235191106796 już:0.06373979151248932 łoby:0.05546001344919205 fakt:0.02838417887687683 dopiero:0.027741074562072754 się:0.02297043241560459 juz:0.021510837599635124 charakter:0.01846631057560444 koniec:0.017894815653562546 dwa:0.016368171200156212 :0.6274320222437382
ie:0.18493318557739258 ':0.0670914500951767 ::0.06519274413585663 .:0.05391073226928711 ,:0.025103069841861725 !:0.015844345092773438 ia:0.014769074507057667 y:0.010478577576577663 il:0.009720858186483383 ;:0.007950839586555958 :0.5450051231309772
::0.18348470330238342 ':0.05908310040831566 ,:0.05836524814367294 .:0.0316527858376503 ;:0.026242483407258987 b:0.02507549710571766 l:0.022709978744387627 !:0.015538165345788002 i:0.012279796414077282 :0.5655682412907481
przez:0.04019845649600029 i:0.03714807704091072 I:0.02989489957690239 ::0.028015686199069023 .:0.024638809263706207 -:0.02304123155772686 a:0.020184369757771492 lu:0.01815771497786045 nasze:0.01639116369187832 nad:0.016078239306807518 :0.7462513521313667
nej:0.3907390832901001 niczej:0.18208542466163635 Człowieka:0.07848840206861496 nej:0.056307464838027954 Zagranicznych:0.03826430067420006 .:0.029271019622683525 nych:0.020153893157839775 nych:0.011267304420471191 Morza:0.010214577428996563 nego:0.01015174388885498 :0.17305678594857454
pisma:0.9977062940597534 dokumentu:0.000590481620747596 pełnomocnictwa:0.0005831905291415751 środka:0.0005062036798335612 piśmie:8.244672062573954e-05 pismo:5.9195735957473516e-05 postępowania:4.754189285449684e-05 roszczenia:4.4317974243313074e-05 listu:3.336502777528949e-05 pełnomocnika:2.555152059358079e-05 :0.0003214112384739565
.:0.9611247181892395 ...:0.018691329285502434 !:0.007580019999295473 ,:0.004737478215247393 ::0.003902109107002616 ..:0.0007734391838312149 ....:0.00046510936226695776 ;:0.00044774540583603084 -:0.00039788754656910896 ?:0.00017911873874254525 :0.0017010449664667249
w:0.9951778650283813 W:0.0011555395321920514 na:0.0008393214666284621 we:0.0007409443496726453 VI:0.0006737965159118176 IV:0.000338643352733925 z:0.00028945598751306534 w:9.466963092563674e-05 Vi:4.470691783353686e-05 V:4.0042355976765975e-05 :0.0006050148622307461
bie:0.132968470454216 ::0.07306687533855438 ber:0.03602105751633644 !:0.03352751582860947 ):0.03158796206116676 ':0.030137304216623306 ,:0.02154516614973545 ;:0.016888638958334923 bon:0.016221754252910614 .:0.015189466066658497 :0.5928457891568542
bytej:0.6945382356643677 Wołyniu:0.024237394332885742 Rusi:0.02005472220480442 Ukrainie:0.016812626272439957 Litwie:0.013074720278382301 Węgrzech:0.01029923278838396 Wschodzie:0.009928952902555466 nowo:0.009254809468984604 części:0.009190314449369907 czas:0.007462294306606054 :0.1851466973312199
ki:0.06381320208311081 ty:0.019286803901195526 tki:0.014548047445714474 szki:0.012141087092459202 ry:0.011836539953947067 e:0.011796871200203896 czki:0.010681578889489174 e:0.010289827361702919 bki:0.008765378966927528 nki:0.008205697871744633 :0.8286349652335048
głowy:0.22162897884845734 mdłości:0.07804878056049347 osłabienie:0.057447399944067 żołądka:0.0458340123295784 gorączki:0.022768793627619743 dreszcze:0.020410574972629547 głód:0.01998697593808174 język:0.01976132020354271 brzucha:0.01938292384147644 pragnienie:0.019099881872534752 :0.47563035786151886
::0.06407708674669266 ,:0.057824984192848206 dom:0.05743635073304176 ':0.020903969183564186 ;:0.019656818360090256 ś:0.018302295356988907 _:0.018067603930830956 ):0.015770237892866135 eh:0.014062812551856041 budynek:0.013123604469001293 :0.7007742365822196
::0.05120551958680153 1:0.05001843720674515 ':0.03070908784866333 .:0.028686435893177986 l:0.02737986296415329 i:0.026482610031962395 ,:0.02369728498160839 t:0.02223270758986473 -:0.02121097594499588 I:0.020150981843471527 :0.6982260961085558
,:0.6373602747917175 ::0.24213670194149017 ;:0.0653044730424881 .:0.019429445266723633 i:0.017862871289253235 oraz:0.0021212289575487375 -:0.002086128806695342 --:0.001858646865002811 ':0.0009066989878192544 —:0.0007973596220836043 :0.010136170429177582
która:0.9940720200538635 jaka:0.0026088112499564886 ponieważ:0.0007623242563568056 gdyż:0.0007179576205089688 które:0.00020332435087766498 skoro:0.00018081282905768603 chociaż:0.0001600874529685825 jakkolwiek:0.00015812853234820068 albowiem:0.00010145475971512496 jeżeli:8.819991489872336e-05 :0.0009468789794482291
«:0.8881191611289978 *:0.02842295542359352 ":0.017348608002066612 »:0.01485679391771555 “:0.004847606644034386 <:0.0034938184544444084 ':0.002753256820142269 .:0.001957362750545144 2:0.0017607505433261395 II:0.0017124568112194538 :0.034727229503914714
,:0.5006299018859863 i:0.32687148451805115 a:0.06875082850456238 1:0.022748544812202454 ;:0.022015996277332306 .:0.017946327105164528 lub:0.007802003063261509 .:0.006279221270233393 I:0.005010821856558323 l:0.0027850354090332985 :0.019159835297614336
komunistów:0.5216599702835083 partii:0.19663362205028534 komunistyczne:0.09878537803888321 partyj:0.06737451255321503 robotników:0.03875041380524635 polityczne:0.010648002848029137 kobiet:0.005884144455194473 partyjnych:0.0030539061408489943 PZPR:0.0020885858684778214 Partii:0.002014345256611705 :0.05310711869969964
.:0.4841126501560211 ...:0.17568212747573853 ?:0.14624521136283875 !:0.07451963424682617 ,:0.03188951686024666 ..:0.014105412177741528 -:0.008126232773065567 ....:0.005526077467948198 ":0.0037809922359883785 I:0.0036163977347314358 :0.052395747508853674
.:0.6352297067642212 ,:0.1446254551410675 na:0.016920452937483788 ::0.0148807717487216 !:0.014685191214084625 i:0.01114281453192234 ;:0.010708174668252468 ':0.008520228788256645 w:0.008070983923971653 do:0.006659963168203831 :0.12855625711381435
wszystkich:0.10521125793457031 ):0.08331186324357986 obojga:0.06462755054235458 i:0.05503495782613754 .:0.051689956337213516 h:0.04616904258728027 !:0.044850077480077744 obu:0.028964567929506302 1:0.02868683822453022 ch:0.02847983129322529 :0.46297405660152435
,:0.08291775733232498 z:0.06602425128221512 e:0.04367796704173088 ::0.036761946976184845 .:0.03656596690416336 o:0.03418309614062309 a:0.02679101563990116 na:0.02293281815946102 l:0.022575514391064644 w:0.022220933809876442 :0.6053487323224545
Górski:0.09964177757501602 Dąbrowski:0.06975215673446655 Kozłowski:0.04458530247211456 Nowak:0.037985555827617645 Piotrowski:0.03584703430533409 Zieliński:0.033317968249320984 Szymański:0.032823074609041214 Wojciechowski:0.027456186711788177 Kamiński:0.026881083846092224 Nowicki:0.026608986780047417 :0.5651008728891611
naukowej:0.6977141499519348 gospodarczej:0.17419497668743134 międzynarodowej:0.03276299312710762 ekonomicznej:0.013231413438916206 morskiej:0.011772416532039642 technicznej:0.008197586052119732 handlowej:0.004699538461863995 prowadzonej:0.004627958405762911 kulturalnej:0.004246076103299856 ,:0.003998043015599251 :0.04455484822392464
ukrycia:0.5365135073661804 schronienia:0.0397101454436779 utrzymania:0.03635454922914505 zatrzymania:0.03404540196061134 zbierania:0.028073977679014206 poruszania:0.026237839832901955 utrzymywania:0.025688430294394493 zaopatrzenia:0.024412687867879868 zachowania:0.018451793119311333 zamknięcia:0.018301110714673996 :0.21221055649220943
':0.15531957149505615 ::0.09122288972139359 “:0.08257381618022919 °:0.08182237297296524 .:0.07908805459737778 ":0.07287280261516571 „:0.05427928641438484 ;:0.031584467738866806 ,:0.029130764305591583 i:0.02746378816664219 :0.2946421857923269
ben:0.14249630272388458 in:0.08948216587305069 ber:0.07994842529296875 mit:0.031204819679260254 .:0.028666462749242783 ,:0.027844784781336784 um:0.02291683852672577 ba:0.018461374565958977 bon:0.01726282574236393 am:0.014710523188114166 :0.5270054768770933
wskazuje:0.20011408627033234 oznacza:0.14495891332626343 stwierdza:0.05845051258802414 mówi:0.052025746554136276 zakłada:0.05041451007127762 powiada:0.04785482957959175 sugeruje:0.03678469732403755 twierdzi:0.03209397569298744 stanowi:0.03204057738184929 przewiduje:0.027834605425596237 :0.31742754578590393
przez:0.5358602404594421 go:0.05381312593817711 ,:0.04321404546499252 na:0.0290361475199461 je:0.01602913625538349 jego:0.01398750301450491 ":0.01341492123901844 .:0.012381503358483315 ich:0.010628098621964455 nas:0.00934480968862772 :0.2622904684394598
n:0.45821064710617065 r:0.28719958662986755 w:0.057757191359996796 d:0.042901117354631424 k:0.03142858296632767 t:0.02290041744709015 m:0.015597617253661156 l:0.015370597131550312 c:0.006256943568587303 f:0.005212850868701935 :0.05716444831341505
z:0.6527799367904663 nieuf:0.09299643337726593 ze:0.049887847155332565 bez:0.034330178052186966 ujem:0.008010813035070896 scep:0.005871566012501717 pogard:0.005865544080734253 wrogo:0.0050693838857114315 ,:0.004903837572783232 Z:0.004740129224956036 :0.13554433081299067
się:0.9543426632881165 sie:0.007637595757842064 si:0.0062384228222072124 Się:0.0026054196059703827 uwagę:0.0015954308910295367 go:0.0013995288172736764 sio:0.0009351840708404779 to:0.0007925797835923731 ,:0.0006568017415702343 przekonanie:0.0006367870955727994 :0.023159586125984788
rozwija:0.305793821811676 trzyma:0.20129558444023132 udaje:0.0806601494550705 zachowuje:0.05959134176373482 ma:0.05113232508301735 czuje:0.040470611304044724 przedstawia:0.030055129900574684 prowadzi:0.02710137702524662 robi:0.018583936616778374 nadaje:0.015696102753281593 :0.169619619846344
jest:0.32209038734436035 było:0.10962630063295364 na:0.09634122252464294 i:0.06270322948694229 spowodowała:0.032903604209423065 byłoby:0.02445361018180847 umożliwia:0.024103296920657158 była:0.020577475428581238 to:0.019359568133950233 ,:0.017194336280226707 :0.2706469688564539
ch:0.12015390396118164 l:0.06788118928670883 k:0.03780464082956314 cie:0.03609171137213707 z:0.030217794701457024 c:0.029125645756721497 g:0.025759980082511902 le:0.022127341479063034 J:0.013405420817434788 s:0.012919078581035137 :0.6045132931321859
szeroki:0.3012472987174988 bogaty:0.19961613416671753 cały:0.052282772958278656 wielki:0.041360024362802505 pełen:0.03379865363240242 duży:0.03089338168501854 pełny:0.027965394780039787 Największy:0.022668827325105667 Duży:0.02251703478395939 oraz:0.021645562723279 :0.24600491486489773
.:0.9874454736709595 ,:0.009326868690550327 ..:0.0006738202064298093 !:0.00045144668547436595 ::0.0003715908096637577 ;:0.0001842072670115158 ':0.00013255621888674796 i:0.00011118866677861661 _:0.000109589978819713 L:0.00010671902418835089 :0.0010865387812373228
l:0.08984549343585968 .:0.08087154477834702 ":0.06975001841783524 ,:0.04236515611410141 w:0.041621286422014236 I:0.03305177763104439 W:0.025256795808672905 I:0.02300315536558628 ':0.02188143879175186 oświadczeniu:0.021653713658452034 :0.550699619576335
ą:0.9945889711380005 ę:0.0029903927352279425 a:0.0007713831728324294 Ą:0.0005146543262526393 q:0.0003108240198343992 ą:0.00023255230917129666 rzą:7.035506860120222e-05 u:5.292204878060147e-05 ó:5.100240741739981e-05 ją:4.8633617552695796e-05 :0.0003683091563289054
dnie:0.7620744109153748 ne:0.031689781695604324 dn:0.0292099229991436 d:0.023905081674456596 dna:0.023264585062861443 dane:0.014446659944951534 godne:0.013968545943498611 de:0.0103969881311059 dno:0.006453815381973982 dy:0.005886041093617678 :0.07870416715741158
opisał:0.7472361326217651 opisuje:0.12250007688999176 przedstawił:0.02119915373623371 określił:0.019208690151572227 wyjaśnił:0.013272141106426716 ujął:0.006910586263984442 zaprezentował:0.006745715159922838 przedstawia:0.0038554430939257145 omawia:0.0038419871125370264 ukazał:0.0032748067751526833 :0.051955267088487744
,:0.1514478176832199 stanowi:0.09326069056987762 jest:0.08573243767023087 tworz:0.07472968846559525 .:0.06950543075799942 czyni:0.05094100534915924 s:0.04760130122303963 S:0.020417356863617897 jak:0.018114877864718437 z:0.0146425636485219 :0.37360682990401983
osób:0.30012452602386475 ludzi:0.1681402325630188 piersi:0.07639192044734955 głosów:0.07619255781173706 kroków:0.06824987381696701 dusz:0.04363653063774109 istot:0.023153403773903847 widzów:0.012067008763551712 przechodniów:0.011403631418943405 mężczyzn:0.011084762401878834 :0.20955555234104395
się:0.9897881746292114 si:0.0015642407815903425 sie:0.0013416919391602278 społecznym:0.0012702399399131536 Się:0.0007879423210397363 dzieci:0.0006772596389055252 dorosłych:0.00040599616477265954 sią:0.00039180563180707395 uczniów:0.00025360743165947497 się:0.00017433341417927295 :0.0033447081077611074
S:0.25697052478790283 .:0.16735540330410004 §:0.060954585671424866 ':0.04884255677461624 ,:0.02915893867611885 I:0.028370043262839317 -:0.028317656368017197 ::0.02142471820116043 ":0.013056064955890179 ;:0.012644551694393158 :0.3329049563035369
.:0.36303913593292236 odpowiednimi:0.1556069254875183 ':0.06011918932199478 dwoma:0.050761763006448746 ,:0.0292498879134655 ":0.018800009042024612 2:0.015493487007915974 ;:0.012188633903861046 ::0.012109292671084404 trzema:0.011774442158639431 :0.27085723355412483
kolejowe:0.12459081411361694 komunikacyjne:0.06072453409433365 dla:0.054274141788482666 do:0.05378762260079384 i:0.03438549116253853 elektryczne:0.027544381096959114 wszystkich:0.015018469654023647 ,:0.014949935488402843 ':0.012600541114807129 główne:0.011533425189554691 :0.590590643696487
':0.08859077095985413 V:0.08729402720928192 1:0.07234857976436615 I:0.054225046187639236 ):0.034908901900053024 .:0.029694689437747 3:0.02518824301660061 ,:0.022393446415662766 i:0.02213943563401699 ::0.021911825984716415 :0.5413050334900618
K:0.21321703493595123 W:0.19395014643669128 G:0.1888558715581894 B:0.08443322032690048 D:0.059986650943756104 P:0.04550592973828316 S:0.03741231560707092 M:0.03552044928073883 T:0.032194823026657104 F:0.01754610612988472 :0.09137745201587677
10:0.12933899462223053 .:0.12708070874214172 ':0.09829537570476532 ":0.05660655349493027 ..:0.047386977821588516 ,:0.03765864297747612 ::0.026976605877280235 &:0.018985681235790253 ):0.018302423879504204 ;:0.015975048765540123 :0.4233929868787527
prac:0.028044844046235085 sił:0.027581678703427315 m:0.020509125664830208 w:0.0194243174046278 n:0.015712780877947807 t:0.014918075874447823 .:0.014832970686256886 l:0.014704197645187378 W:0.014625334180891514 SZ:0.011930840089917183 :0.817715834826231
6:0.033240292221307755 10:0.030102472752332687 5:0.02678687311708927 2:0.026759706437587738 8:0.025991439819335938 25:0.025965698063373566 3:0.025603052228689194 12:0.024156181141734123 1:0.024101989343762398 30:0.023740682750940323 :0.733551612123847
':0.07036381214857101 ,:0.05344961956143379 ::0.04145372658967972 ;:0.01876097358763218 _:0.017034556716680527 l:0.014505957253277302 !:0.0143729904666543 bił:0.014186207205057144 niósł:0.013279411941766739 r:0.012342621572315693 :0.7302501229569316
,:0.7844089269638062 .:0.11331984400749207 greckiego:0.010983455926179886 rosyjskiego:0.0053483364172279835 w:0.004503055475652218 ::0.0038133489433676004 ':0.003650230821222067 polskiego:0.003519191639497876 ":0.003410156350582838 ludowego:0.003009977750480175 :0.06403347570449114
metalowych:0.44970619678497314 żelaznych:0.16998712718486786 stalowych:0.060587190091609955 drewnianych:0.03047422133386135 górniczych:0.01608738861978054 mechanicznych:0.015893537551164627 przemysłowych:0.011111848056316376 budowlanych:0.010769006796181202 elektrycznych:0.010186191648244858 szkła:0.008670586161315441 :0.21652670577168465
takiego:0.20681336522102356 prędzej:0.18888017535209656 sik:0.11201713979244232 innego:0.07809339463710785 ś:0.07079265266656876 tak:0.044259607791900635 lepszego:0.031335387378931046 dobrego:0.016070084646344185 trzeba:0.014581718482077122 kolwiek:0.011786852963268757 :0.2253696210682392
':0.26010867953300476 ":0.07789096236228943 ,:0.07052084803581238 ):0.05587177723646164 (:0.03969530388712883 a:0.03366689756512642 .:0.025301773101091385 I:0.023341719061136246 1:0.021272892132401466 o:0.019947092980146408 :0.37238205410540104
Jan:0.09638611972332001 Stanisław:0.054174862802028656 Józef:0.04963430017232895 Tadeusz:0.046604301780462265 Kazimierz:0.046041056513786316 Czesław:0.03266119956970215 Marian:0.028654906898736954 Władysław:0.027562515810132027 Antoni:0.023041097447276115 Stefan:0.02294435165822506 :0.5722952876240015
':0.11808204650878906 ,:0.11535359919071198 ::0.09145057946443558 ":0.08866915851831436 !:0.05604637414216995 ..:0.05316687747836113 ;:0.04577714949846268 I:0.040321674197912216 ...:0.01977904699742794 ):0.016287637874484062 :0.35506585612893105
aby:0.5745238065719604 ażeby:0.1967001110315323 by:0.10078393667936325 żeby:0.014300746843218803 następnie:0.00849396362900734 i:0.007623334880918264 postanowiliśmy:0.00717837642878294 prosimy:0.0062141623347997665 potem:0.005041354801505804 zamiast:0.004715472459793091 :0.074424734339118
E:0.34780293703079224 e:0.10714100301265717 c:0.09310507774353027 C:0.09102648496627808 c:0.04564444720745087 f:0.04439319670200348 <:0.02383827231824398 ce:0.019009442999958992 Q:0.013341182842850685 ::0.010438252240419388 :0.20425970293581486
,:0.05847199261188507 ":0.044111430644989014 .:0.04375471547245979 ':0.036314707249403 ::0.03414744883775711 1:0.027723580598831177 o:0.026102429255843163 l:0.025717850774526596 I:0.02131734974682331 J:0.02071959339082241 :0.6616189014166594
,:0.09792029112577438 ':0.055864326655864716 ":0.05249108374118805 ::0.04448959231376648 i:0.04090513661503792 .:0.03420354425907135 ;:0.02844787947833538 I:0.021842824295163155 a:0.020239047706127167 1:0.01900537498295307 :0.5845908988267183
py:0.5115007758140564 ty:0.05789806321263313 stwa:0.047678180038928986 y:0.03328581526875496 ki:0.025997167453169823 sy:0.021465027704834938 by:0.01792656071484089 zy:0.012715412303805351 my:0.011367213912308216 p:0.011138425208628178 :0.24902735836803913
do:0.924805760383606 na:0.05723635479807854 od:0.0024101175367832184 dnia:0.002359245205298066 z:0.002147455932572484 do:0.0017250190721824765 o:0.0013599098892882466 dn:0.0012819374678656459 da:0.0010791948297992349 d:0.0005921468837186694 :0.005002858000807464
,:0.7814422845840454 .:0.1355825960636139 oraz:0.030891230329871178 i:0.011436788365244865 ;:0.010819482617080212 ..:0.0032476966734975576 lub:0.0020569704938679934 ':0.0017251890385523438 j:0.0013957795454189181 ":0.0012700962834060192 :0.02013188600540161
of:0.8188768625259399 and:0.13581545650959015 to:0.009919746778905392 for:0.008965829387307167 in:0.007047192193567753 on:0.0044511412270367146 or:0.002805115655064583 with:0.0018685279646888375 the:0.0010340447770431638 by:0.0009785359725356102 :0.00823754700832069
':0.048214685171842575 ::0.041803326457738876 .:0.03440684825181961 !:0.029050525277853012 ,:0.028741799294948578 l:0.023633480072021484 tą:0.02356467954814434 I:0.02085050754249096 centralną:0.019308703020215034 (:0.01875324547290802 :0.7116721998900175
zajął:0.5704526901245117 zajmuje:0.036703016608953476 zdobył:0.03038210980594158 otrzymał:0.016710281372070312 zajęła:0.014543003402650356 zaj:0.012160571292042732 zaję:0.01191028207540512 zajmu:0.011370574124157429 !:0.010541725903749466 I:0.00979776680469513 :0.2754279784858227
duży:0.14575210213661194 ogromny:0.12821084260940552 ono:0.10468077659606934 silny:0.1007608026266098 wielki:0.061339788138866425 głęboki:0.034415196627378464 pewien:0.03434601426124573 on:0.020614122971892357 ostry:0.019184669479727745 olbrzymi:0.016692202538251877 :0.3340034820139408
jeśli:0.4089987277984619 jeżeli:0.31959837675094604 gdy:0.0888078585267067 jak:0.08774023503065109 kiedy:0.027349304407835007 skoro:0.017691008746623993 że:0.00898030772805214 co:0.006447979249060154 kogo:0.0036753742024302483 choć:0.0025878038723021746 :0.028123023686930537
,:0.41005197167396545 .:0.22966518998146057 I:0.02516668289899826 .:0.024610718712210655 i:0.016230974346399307 ::0.010716729797422886 ;:0.010652687400579453 jako:0.009815980680286884 że:0.009691097773611546 !:0.008244509808719158 :0.24515345692634583
(:0.15966324508190155 l:0.12962062656879425 f:0.04795011878013611 ,:0.030504219233989716 C:0.024722347036004066 ::0.023267125710844994 1:0.021370917558670044 ):0.021323807537555695 I:0.017245637252926826 .:0.015983637422323227 :0.5083483178168535
c:0.13095156848430634 d:0.11677815020084381 wód:0.0709291622042656 m:0.03238167241215706 c:0.027471041306853294 r:0.019889341667294502 ,:0.017044084146618843 I:0.0150697510689497 d:0.014568820595741272 ::0.012212121859192848 :0.5427042860537767
(:0.9980210065841675 ,:0.0005621874588541687 {:0.0003859350399579853 .:0.0002007856674026698 [:0.00014404678950086236 <:7.226203160826117e-05 ;:6.932022370165214e-05 w:6.316766666714102e-05 /:4.8846974095795304e-05 z:3.228748028050177e-05 :0.00040015408376348205
ber:0.14963841438293457 ?:0.12653297185897827 bie:0.06335049122571945 ::0.028956212103366852 ben:0.02664070576429367 !:0.025441303849220276 .:0.0251004621386528 ':0.023326579481363297 “:0.01939828135073185 ,:0.018485093489289284 :0.4931294843554497
tak:0.561336100101471 .:0.020218748599290848 ':0.017972538247704506 ,:0.01738695055246353 lak:0.01722327060997486 ":0.017015699297189713 nie:0.016744118183851242 !:0.016658632084727287 l:0.01281273178756237 e:0.008015455678105354 :0.29461575485765934
i:0.4197821021080017 I:0.026462692767381668 n:0.022233126685023308 ':0.021075595170259476 a:0.01981634832918644 o:0.018606863915920258 z:0.01835000328719616 l:0.017211884260177612 j:0.016496878117322922 ::0.01563110388815403 :0.4043334014713764
nich:0.9933450222015381 ich:0.0020533050410449505 nikogo:0.0007179431268014014 których:0.000625837070401758 tych:0.0006057900027371943 niego:0.0004058278864249587 takich:0.0002690690744202584 nas:0.00018988527881447226 innych:0.0001724223984638229 niej:0.0001357283181278035 :0.0014791696012252942
wykonania:0.48756906390190125 realizacji:0.09117814898490906 podjętych:0.0639735609292984 wykonywania:0.057479675859212875 spełnienia:0.05406826734542847 naruszenia:0.03911446034908295 wypełnienia:0.029694175347685814 podjęcia:0.029266392812132835 przyjęcia:0.023633701726794243 przyjętych:0.014885274693369865 :0.10913727805018425
m:0.07932621985673904 !:0.041123803704977036 lem:0.03800172358751297 E:0.026060231029987335 .:0.02596004493534565 <:0.02458368055522442 si:0.02379561774432659 m:0.022570636123418808 ,:0.022543014958500862 ::0.0223732590675354 :0.6736617684364319
,:0.8742349743843079 miasta:0.03516114875674248 Warszawy:0.014188352040946484 Rządu:0.0067800190299749374 .:0.006519602611660957 Ministrów:0.005914912559092045 Państwa:0.005553213879466057 Senatu:0.005107908975332975 Miasta:0.004671473987400532 ::0.004402121528983116 :0.03746627224609256
nie:0.9085288643836975 li:0.02367710880935192 jednak:0.012404161505401134 jednym:0.009716492146253586 już:0.004824962466955185 me:0.004386479966342449 samym:0.004368728492408991 nic:0.003645877819508314 bowiem:0.0020450546871870756 zwykłym:0.0014034773921594024 :0.024998792330734432
':0.10501175373792648 \:0.07255550473928452 ,:0.06251776963472366 o:0.05686453357338905 .:0.04729577898979187 l:0.041592903435230255 1:0.03289513662457466 ::0.02976013720035553 ":0.02824041247367859 i:0.024982186034321785 :0.4982838835567236
znajdzie:0.1972728818655014 może:0.1256883293390274 o:0.07341577857732773 ma:0.05906655266880989 sobie:0.021264102309942245 idzie:0.020399251952767372 da:0.017474714666604996 się:0.014822243712842464 i:0.014676379039883614 jest:0.01407604105770588 :0.441843724809587
piasku:0.16022692620754242 piaskiem:0.10448421537876129 drutu:0.09291990846395493 gliny:0.0904984325170517 blachy:0.07182718813419342 lodu:0.03304918855428696 wodą:0.03235020488500595 żelaza:0.03168382868170738 siatki:0.02277059108018875 waty:0.021510887891054153 :0.33867862820625305
.:0.2114366739988327 I:0.0527949333190918 w:0.03906581178307533 W:0.034060195088386536 ,:0.029423674568533897 l:0.029312144964933395 ":0.01615225151181221 l:0.015173738822340965 ..:0.014383150264620781 na:0.013841258361935616 :0.5443561673164368
::0.12335072457790375 I:0.06642048060894012 1:0.06135197728872299 ;:0.05342286080121994 l:0.046094294637441635 .:0.038999173790216446 !:0.034631188958883286 i:0.031562622636556625 ,:0.03128154203295708 ':0.0270058773458004 :0.4858792573213577
z:0.9264944791793823 Z:0.03651954233646393 ze:0.00577261857688427 7.:0.0032103636767715216 7:0.003076357999816537 2:0.002633294090628624 I:0.002491260878741741 z:0.0008272210252471268 l:0.0007524839602410793 w:0.0007012991700321436 :0.017521079105790704
o:0.7900567054748535 po:0.16174457967281342 poświęcony:0.014462005347013474 0:0.009901273064315319 O:0.0035428572446107864 przy:0.0028855514246970415 na:0.0015725590055808425 PO:0.001510130474343896 Q:0.0014180735452100635 Po:0.0009407855104655027 :0.011965479236096144
b:0.25966453552246094 m:0.10514853894710541 nie:0.07125196605920792 n:0.05341128632426262 wi:0.043369513005018234 bę:0.023635925725102425 ,:0.015367873944342136 bar:0.012462100945413113 mniej:0.011721048504114151 więcej:0.009031800553202629 :0.39493541046977043
::0.31398478150367737 ;:0.29714101552963257 ':0.15375156700611115 ):0.04563615471124649 !:0.044884003698825836 ,:0.044497184455394745 >:0.01116995606571436 ?:0.010363250970840454 ":0.008362719789147377 $:0.0059487828984856606 :0.064260583370924
,:0.14737072587013245 J:0.1141941100358963 I:0.03158271312713623 i:0.026637015864253044 .:0.020618874579668045 Je:0.01772226206958294 do:0.017539259046316147 w:0.016717828810214996 na:0.01476711593568325 K:0.01348431408405304 :0.5793657805770636
problemy:0.5175004005432129 trudności:0.25768429040908813 kłopoty:0.18635612726211548 problem:0.026330532506108284 kłopot:0.0058896210975945 trudność:0.0025510829873383045 problemów:0.00038746290374547243 Problemy:0.00024421370471827686 kłopotów:0.00021740628289990127 ograniczenia:0.000167985082953237 :0.0026708772202255204
ponieważ:0.22823727130889893 gdyż:0.22446873784065247 że:0.16619077324867249 a:0.05592282861471176 gdy:0.04421881586313248 bowiem:0.03587101027369499 albowiem:0.030288459733128548 iż:0.023644329980015755 bo:0.023459142073988914 i:0.01577792689204216 :0.15192070417106152
Nowak:0.037350643426179886 Koch:0.020235545933246613 Wolf:0.015300879254937172 Beck:0.014182682149112225 Reich:0.01334589347243309 Miller:0.011491446755826473 Kowalski:0.011282655410468578 Jordan:0.010195654816925526 Rotter:0.010071252472698689 May:0.00989535916596651 :0.8466479871422052
':0.08486030250787735 1:0.05997850373387337 .:0.059085238724946976 l:0.04224633798003197 V:0.04224302992224693 I:0.04154704511165619 J:0.04140448942780495 i:0.03443622216582298 ::0.027552051469683647 j:0.024845123291015625 :0.54180165566504
dnie:0.6633942723274231 głębi:0.19841201603412628 pobliżu:0.04318557307124138 wodach:0.017093675211071968 środku:0.01000664196908474 głębokości:0.007531140930950642 bliskości:0.005765994545072317 łonie:0.004178978502750397 falach:0.0037647357676178217 wodzie:0.003485857741907239 :0.04318111389875412
tów:0.07697790116071701 u:0.049216073006391525 ,:0.03571409359574318 t:0.029721153900027275 ::0.027729861438274384 a:0.02365102432668209 .:0.022610684856772423 ':0.015864228829741478 su:0.015611515380442142 zysku:0.015500872395932674 :0.6874025911092758
\:0.9999703168869019 ':1.0768967513286043e-05 ":2.7520025014382554e-06 ::2.2830699890619144e-06 ,:1.8399931605017628e-06 <:1.2356875913610565e-06 ;:1.1928410685868585e-06 ):1.162458488579432e-06 V:6.385195661096077e-07 :7.809573219219601e-06
przekona:0.6600782871246338 dowiemy:0.05125501751899719 dowie:0.038052208721637726 przyzna:0.03521335497498512 okaże:0.025707099586725235 cieszą:0.022634871304035187 dzą:0.021554024890065193 zgodzi:0.010273288004100323 dowiedzieli:0.006102449260652065 zrozumie:0.0055648707784712315 :0.12356452783569694
':0.13883666694164276 ,:0.08029396831989288 .:0.062224380671978 ":0.05458534508943558 ..:0.05416009575128555 ::0.04114200547337532 !:0.03643520176410675 ...:0.028159748762845993 ł:0.028037793934345245 I:0.020989304408431053 :0.45513548888266087
się:0.7343950271606445 s:0.13459545373916626 S:0.009490272030234337 si:0.008323967456817627 Się:0.007386775221675634 SIĘ:0.007262094411998987 c:0.00612943759188056 d:0.006044086068868637 o:0.0057907854206860065 złożone:0.004667795728892088 :0.07591430516913533
J:0.08119015395641327 W:0.05229761451482773 Z:0.04843473061919212 R:0.04199575260281563 Sp:0.04130939021706581 P:0.03884327784180641 Spra:0.03373481705784798 O:0.024095715954899788 Wi:0.024017484858632088 T:0.018613282591104507 :0.5954677797853947
,:0.9924450516700745 .:0.004004073794931173 i:0.0015604991931468248 ;:0.0008242158801294863 oraz:0.00046684566768817604 ):0.00033846337464638054 ::4.45824844064191e-05 j:2.0925224816892296e-05 ":1.9625173081294633e-05 (:1.9513086954248138e-05 :0.0002562044501246419
):0.30606311559677124 .:0.05499836802482605 2:0.035767339169979095 3:0.033136121928691864 5:0.03237299993634224 ,:0.03076247312128544 1:0.029653212055563927 4:0.025557013228535652 9:0.014283616095781326 6:0.014177353121340275 :0.4232283877208829
a:0.21066419780254364 w:0.11567966639995575 y:0.04499128460884094 tym:0.03403204679489136 ym:0.024980075657367706 na:0.02380737103521824 ':0.018240710720419884 ,:0.01718123070895672 a:0.016248101368546486 e:0.014585485681891441 :0.47958982922136784
skał:0.19512523710727692 lodu:0.10089538246393204 skalne:0.07861578464508057 wy:0.0634886845946312 gór:0.04430757835507393 marmuru:0.03626222163438797 kamieni:0.03550371155142784 kamienne:0.026340626180171967 ziemi:0.02053230255842209 piasku:0.01998850330710411 :0.3789399676024914
,:0.9017518758773804 .:0.07676763087511063 ::0.003197879297658801 ;:0.0016927601536735892 ':0.0013230814365670085 .:0.0012242513475939631 znaczeniu:0.0010447886306792498 ":0.0008503408171236515 _:0.0007326636114157736 n:0.0006204553064890206 :0.010794272646307945
/:0.9189544916152954 ":0.013372327201068401 ):0.012946722097694874 ]:0.011358941905200481 ':0.01122991368174553 ::0.006114688236266375 ?:0.0038663994055241346 !:0.00356638734228909 ,:0.0035200135316699743 }:0.003413628088310361 :0.01165648689493537
,:0.9505836367607117 ::0.01806681416928768 .:0.008164533413946629 ;:0.004557241220027208 /:0.004147714469581842 ':0.0020111508201807737 8,:0.0009230164578184485 2,:0.0008894536294974387 3,:0.0006941991159692407 1,:0.0006682047969661653 :0.009294035146012902
sobą:0.9612258076667786 niemi:0.020554665476083755 masą:0.003675932763144374 nimi:0.0018305345438420773 wodą:0.0014311781851574779 nim:0.0009479170548729599 nią:0.0008950098999775946 powietrzem:0.0007342678727582097 resztą:0.0005308536347001791 drugą:0.0005014956695958972 :0.007672337233088911
2:0.009322825819253922 7:0.009036104194819927 5:0.00902493391185999 8:0.0089009590446949 3:0.008678697980940342 6:0.00845919456332922 1:0.008034724742174149 4:0.007956217043101788 9:0.007810995914041996 67:0.006770072504878044 :0.9160052742809057
7:0.9934453964233398 VII:0.002256818115711212 1:0.0011561401188373566 6:0.0006831011269241571 5:0.0002767009718809277 3:0.000257510575465858 77:0.00018007952894549817 7-:0.00016513242735527456 2:0.000164494282216765 17:0.0001233194925589487 :0.0012913069367641583
a:0.6389642953872681 zaś:0.06844278424978256 oraz:0.04310256242752075 inne:0.032175976783037186 natomiast:0.020581630989909172 wreszcie:0.01572229154407978 i:0.013261724263429642 specyficzne:0.01045141275972128 poważne:0.005389015190303326 wewnętrzne:0.0050620087422430515 :0.14684629766270518
nabywców:0.33069127798080444 nas:0.12993502616882324 klienta:0.09030205011367798 klientów:0.0806594043970108 sprzedaż:0.06644664704799652 nich:0.02858497016131878 zamówienie:0.018862077966332436 zakup:0.018317896872758865 dostawę:0.01217022817581892 transport:0.011529463343322277 :0.21250095777213573
':0.9211137890815735 ":0.012317555956542492 ):0.010886149480938911 ;:0.009425670839846134 ,:0.008981464430689812 ::0.007881618104875088 !:0.004899435676634312 >:0.0036671848502010107 l:0.0018187948735430837 (:0.0013968903804197907 :0.01761144632473588
pracownicy:0.3211511969566345 pracodawcy:0.08048919588327408 pracy:0.06505737453699112 dyrektorzy:0.040371742099523544 zainteresowani:0.0316610150039196 wnioskodawcy:0.022358888760209084 huty:0.02227702923119068 Huty:0.014381376095116138 autorzy:0.014207323081791401 wojewodowie:0.014182684011757374 :0.37386217433959246
ch:0.0741744190454483 i:0.0699746236205101 a:0.04934738203883171 e:0.04799237847328186 nych:0.043395720422267914 z:0.028319744393229485 h:0.028134429827332497 .:0.0258175041526556 j:0.024121565744280815 o:0.02354511246085167 :0.58517711982131
.:0.08554571866989136 ':0.07715730369091034 I:0.05474904552102089 ..:0.04326440766453743 dla:0.0408366322517395 ,:0.03122369945049286 b:0.020667899399995804 ::0.015887528657913208 t:0.01389422919601202 .:0.013262936845421791 :0.6035105986520648
